Comprimento de Onda	IRR REAL 2
250,1086158	0,04702325818
250,3145257	0,0477687828
250,5204531	0,04851437078
250,7263981	0,04926002248
250,9323605	0,05000573718
251,1383405	0,05075151561
251,344338	0,0514973574
251,550353	0,05224326254
251,7563855	0,05298923105
251,9624355	0,05373526292
252,168503	0,05448135815
252,374588	0,05522751674
252,5806905	0,0559737387
252,7868105	0,05672002401
252,9929479	0,05746637232
253,1991028	0,058212784
253,4052752	0,05895925903
253,6114651	0,05970579743
253,8176724	0,06045239883
254,0238972	0,06119906358
254,2301395	0,0619457917
254,4363992	0,06269258282
254,6426764	0,06343943729
254,848971	0,06418635477
255,055283	0,06493333525
255,2616125	0,06568037908
255,4679594	0,06642748592
255,6743237	0,06717465576
255,8807055	0,06792188895
256,0871047	0,06866918515
256,2935213	0,06941654434
256,4999553	0,07016396654
256,7064067	0,07091145173
256,9128755	0,07165899992
257,1193617	0,07240661111
257,3258654	0,07315428566
257,5323864	0,07390202285
257,7389248	0,07464982304
257,9454806	0,07539768623
258,1520537	0,07614561205
258,3586443	0,07689360123
258,5652522	0,07764165306
258,7718774	0,07838976752
258,9785201	0,07913794534
259,1851801	0,07988618579
259,3918574	0,08063448889
259,5985521	0,08138285498
259,8052642	0,08213128407
260,0119936	0,0828797758
260,2187403	0,08362833017
260,4255044	0,08437694753
260,6322858	0,08512562753
260,8390845	0,08587437017
261,0459006	0,08662317581
261,252734	0,0876891995
261,4595846	0,08886765974
261,6664526	0,0900462191
261,8733379	0,09122487703
262,0802405	0,09240363352
262,2871604	0,09358248857
262,4940976	0,09476144218
262,7010521	0,09594049436
262,9080239	0,09711964509
263,115013	0,09829889438
263,3220193	0,09947824167
263,5290429	0,1006576875
263,7360838	0,1018372319
263,9431419	0,1030168743
264,1502173	0,1041966153
264,35731	0,1053764548
264,5644199	0,1065563923
264,7715471	0,1077364284
264,9786915	0,1089165624
265,1858532	0,1100967951
265,3930321	0,1112771257
265,6002282	0,1124575543
265,8074416	0,1136380814
266,0146721	0,114818706
266,2219199	0,1159994292
266,429185	0,1171802509
266,6364672	0,11836117
266,8437667	0,1195421877
267,0510833	0,1207233028
267,2584172	0,1219045165
267,4657682	0,1230858276
267,6731364	0,1242672367
267,8805219	0,1254487443
268,0879245	0,1266303494
268,2953443	0,1278120525
268,5027813	0,1289938535
268,7102354	0,130175752
268,9177067	0,1313577484
269,1251952	0,1325398429
269,3327008	0,1337220348
269,5402236	0,1349043246
269,7477636	0,1360867125
269,9553207	0,1372691978
270,1628949	0,1384517805
270,3704863	0,1396344612
270,5780948	0,1408172393
270,7857205	0,1420001154
270,9933632	0,1431830883
271,2010231	0,1443661593
271,4087002	0,1455493282
271,6163943	0,146732594
271,8241055	0,1479159572
272,0318339	0,1490994184
272,2395794	0,1503929668
272,4473419	0,1521539872
272,6551216	0,1539151534
272,8629183	0,1556764636
273,0707322	0,1574379197
273,2785631	0,1591995198
273,4864111	0,1609612649
273,6942762	0,1627231549
273,9021583	0,164485189
274,1100575	0,1662473681
274,3179738	0,168009692
274,5259071	0,1697721601
274,7338575	0,1715347732
274,9418249	0,1732975303
275,1498094	0,1750604324
275,357811	0,1768234794
275,5658295	0,1785866696
275,7738651	0,1803500048
275,9819178	0,182113485
276,1899874	0,1838771083
276,3980741	0,1856408767
276,6061778	0,1874047891
276,8142985	0,1891688456
277,0224362	0,1909330462
277,230591	0,1926973918
277,4387627	0,1944618806
277,6469514	0,1962265135
277,8551572	0,1979912913
278,0633799	0,1997562124
278,2716196	0,2015212775
278,4798763	0,2032864868
278,6881499	0,2050518393
278,8964406	0,2068173368
279,1047482	0,2085829775
279,3130728	0,2103487623
279,5214143	0,2121146903
279,7297728	0,2138807625
279,9381482	0,2156469778
280,1465406	0,2174133373
280,35495	0,2191798409
280,5633762	0,2209464869
280,7718195	0,2227132778
280,9802796	0,2244802111
281,1887567	0,2262472885
281,3972507	0,2280145091
281,6057616	0,229781873
281,8142895	0,231549381
282,0228342	0,2333170314
282,2313959	0,2350848259
282,4399745	0,2368527636
282,6485699	0,2386208438
282,8571823	0,240389068
283,0658116	0,2421574355
283,2744577	0,2439259453
283,4831207	0,2463652606
283,6918007	0,2488983284
283,9004974	0,251431599
284,1092111	0,2539650759
284,3179416	0,2564987568
284,526689	0,2590326428
284,7354533	0,2615667339
284,9442344	0,264101029
285,1530324	0,2666355292
285,3618472	0,2691702333
285,5706788	0,2717051413
285,7795273	0,2742402545
285,9883927	0,2767755729
286,1972748	0,2793110939
286,4061738	0,2818468201
286,6150896	0,2843827502
286,8240223	0,2869188855
287,0329717	0,2894552234
287,241938	0,2919917666
287,450921	0,2945285124
287,6599209	0,2970654634
287,8689376	0,2996026182
288,0779711	0,3021399771
288,2870213	0,3046775386
288,4960884	0,3072153053
288,7051722	0,3097532747
288,9142728	0,312291448
289,1233902	0,3148298252
289,3325243	0,3173684052
289,5416752	0,3199071891
289,7508429	0,3224461769
289,9600274	0,3249853686
290,1692286	0,3275247631
290,3784465	0,3300643602
290,5876812	0,3326041613
290,7969326	0,3351441651
291,0062008	0,3376843729
291,2154857	0,3402247833
291,4247874	0,3427653977
291,6341057	0,3453062136
291,8434408	0,3478472334
292,0527926	0,3503884559
292,2621611	0,3529298811
292,4715464	0,3554715103
292,6809483	0,3580133409
292,8903669	0,3605553743
293,0998023	0,3630976116
293,3092543	0,3656400504
293,518723	0,3681826919
293,7282084	0,3707255361
293,9377105	0,3732685831
294,1472293	0,3758118327
294,3567647	0,3785969997
294,5663168	0,3820329699
294,7758856	0,385469214
294,985471	0,3889057302
295,1950731	0,3923425202
295,4046919	0,3957795841
295,6143273	0,3992169201
295,8239793	0,4026545284
296,033648	0,4060924104
296,2433333	0,4095305647
296,4530352	0,4129689911
296,6627538	0,4164076914
296,872489	0,4198466638
297,0822408	0,4232859085
297,2920093	0,4267254269
297,5017943	0,4301652159
297,711596	0,4336052788
297,9214143	0,4370456138
298,1312491	0,4404862193
298,3411006	0,4439270987
298,5509686	0,4473682487
298,7608533	0,4508096724
298,9707545	0,4542513667
299,1806723	0,4576933332
299,3906067	0,4611355719
299,6005577	0,4645780828
299,8105252	0,4680208642
300,0205093	0,4714639178
300,2305099	0,4749072419
300,4405271	0,4783508382
300,6505609	0,4817947067
300,8606112	0,4852388458
301,070678	0,4886832554
301,2807614	0,4921279372
301,4908613	0,4955728895
301,7009778	0,4990181141
301,9111108	0,5024636091
302,1212603	0,5059093747
302,3314263	0,5093554109
302,5416088	0,5128017176
302,7518079	0,5162482965
302,9620234	0,5196951443
303,1722555	0,5231422643
303,382504	0,5265896532
303,5927691	0,5300373143
303,8030506	0,5334852442
304,0133487	0,5369334464
304,2236632	0,5403819175
304,4339942	0,5438306591
304,6443416	0,5472796696
304,8547056	0,5507289523
305,065086	0,554178504
305,2754828	0,5576283245
305,4858962	0,5615241788
305,6963259	0,5660665717
305,9067722	0,570609323
306,1172349	0,5751524283
306,327714	0,5796958876
306,5382095	0,5842397009
306,7487215	0,5887838703
306,9592499	0,5933283938
307,1697948	0,5978732735
307,380356	0,602418505
307,5909337	0,6069640927
307,8015278	0,6115100344
308,0121383	0,6160563302
308,2227652	0,6206029799
308,4334086	0,6251499858
308,6440683	0,6296973436
308,8547444	0,6342450554
309,0654369	0,6387931212
309,2761458	0,643341541
309,486871	0,6478903126
309,6976127	0,6524394405
309,9083707	0,6569889202
310,1191451	0,6615387539
310,3299358	0,6660889395
310,5407429	0,6706394791
310,7515664	0,6751903727
310,9624062	0,6797416181
311,1732624	0,6842932176
311,3841349	0,6888451689
311,5950237	0,6933974721
311,8059289	0,6979501293
312,0168504	0,7025031384
312,2277883	0,7070565014
312,4387424	0,7116102142
312,6497129	0,716164281
312,8606998	0,7207187018
313,0717029	0,7252734723
313,2827223	0,7298285946
313,493758	0,7343840688
313,7048101	0,7389398971
313,9158784	0,743496075
314,126963	0,7480526048
314,3380639	0,7526094864
314,5491811	0,7571667199
314,7603146	0,7617243052
314,9714644	0,7662822424
315,1826304	0,7708405293
315,3938127	0,7753991681
315,6050112	0,7799581565
315,816226	0,7845174968
316,0274571	0,789077189
316,2387044	0,7936372309
316,449968	0,7981976246
316,6612478	0,8037225842
316,8725438	0,8095471676
317,0838561	0,8153722003
317,2951846	0,8211976796
317,5065294	0,8270236082
317,7178904	0,8328499834
317,9292675	0,8386768024
318,1406609	0,8445040707
318,3520706	0,8503317883
318,5634964	0,8561599498
318,7749384	0,8619885578
318,9863966	0,8678176124
319,197871	0,8736471135
319,4093616	0,8794770612
319,6208684	0,8853074555
319,8323914	0,8911382964
320,0439305	0,8969695811
320,2554859	0,9028013151
320,4670574	0,9086334929
320,678645	0,9144661145
320,8902488	0,9202991827
321,1018688	0,9261326975
321,313505	0,9319666588
321,5251572	0,9378010612
321,7368257	0,9436359129
321,9485102	0,9494712057
322,1602109	0,955306945
322,3719278	0,961143131
322,5836608	0,9669797607
322,7954099	0,9728168342
323,0071751	0,9786543516
323,2189564	0,9844923127
323,4307539	0,9903307205
323,6425674	0,9961695692
323,8543971	1,002008865
324,0662429	1,007848604
324,2781047	1,013688784
324,4899827	1,019529411
324,7018767	1,025370479
324,9137869	1,031211993
325,1257131	1,037053949
325,3376554	1,042896348
325,5496137	1,048739188
325,7615882	1,054582475
325,9735787	1,060426203
326,1855852	1,066270372
326,3976078	1,072114985
326,6096465	1,077960042
326,8217012	1,083805539
327,033772	1,089651481
327,2458588	1,095497863
327,4579616	1,101344687
327,6700805	1,107662069
327,8822154	1,114932821
328,0943663	1,122204122
328,3065332	1,129475971
328,5187162	1,136748372
328,7309151	1,144021318
328,9431301	1,151294816
329,1553611	1,158568863
329,3676081	1,165843457
329,579871	1,173118597
329,79215	1,180394288
330,004445	1,187670528
330,2167559	1,194947313
330,4290828	1,202224646
330,6414257	1,209502528
330,8537846	1,216780958
331,0661594	1,224059932
331,2785502	1,231339456
331,4909569	1,238619524
331,7033797	1,245900144
331,9158183	1,253181306
332,1282729	1,260463016
332,3407435	1,267745274
332,55323	1,275028077
332,7657324	1,282311426
332,9782507	1,289595319
333,190785	1,29687976
333,4033352	1,304164747
333,6159013	1,311450279
333,8284834	1,318736359
334,0410813	1,32602298
334,2536952	1,33331015
334,4663249	1,340597861
334,6789706	1,347886121
334,8916321	1,355174922
335,1043096	1,362464272
335,3170029	1,369754163
335,5297121	1,377044599
335,7424372	1,384335581
335,9551781	1,391627103
336,167935	1,398919174
336,3807077	1,406211787
336,5934962	1,413504941
336,8063006	1,42079864
337,0191209	1,428092884
337,231957	1,43538767
337,444809	1,442683
337,6576768	1,449978872
337,8705604	1,457275286
338,0834599	1,464572245
338,2963752	1,471869745
338,5093063	1,479167786
338,7222533	1,486629792
338,935216	1,495492825
339,1481946	1,50435652
339,361189	1,513220873
339,5741992	1,522085883
339,7872252	1,530951551
340,000267	1,539817876
340,2133245	1,548684855
340,4263979	1,557552495
340,6394871	1,566420793
340,852592	1,575289745
341,0657127	1,584159354
341,2788492	1,59302962
341,4920015	1,601900544
341,7051695	1,610772122
341,9183533	1,619644357
342,1315528	1,628517245
342,3447681	1,637390791
342,5579991	1,646264991
342,7712459	1,655139848
342,9845084	1,664015358
343,1977867	1,672891526
343,4110807	1,681768347
343,6243904	1,690645822
343,8377158	1,69952395
344,051057	1,708402736
344,2644139	1,717282175
344,4777864	1,726162263
344,6911747	1,735043009
344,9045787	1,743924408
345,1179984	1,752806461
345,3314338	1,761689167
345,5448849	1,770572527
345,7583517	1,77945654
345,9718341	1,788341202
346,1853323	1,797226521
346,3988461	1,80611249
346,6123755	1,814999108
346,8259207	1,823886384
347,0394815	1,832774309
347,253058	1,841662887
347,4666501	1,850552115
347,6802579	1,859441996
347,8938813	1,868332526
348,1075203	1,877223706
348,321175	1,886115538
348,5348454	1,895008025
348,7485313	1,903901156
348,9622329	1,912794941
349,1759501	1,921689375
349,389683	1,930584462
349,6034314	1,939480195
349,8171955	1,948519512
350,0309751	1,959193509
350,2447704	1,96986829
350,4585813	1,98054385
350,6724077	1,991220184
350,8862498	2,001897301
351,1001074	2,012575193
351,3139806	2,023253864
351,5278694	2,033933313
351,7417738	2,044613542
351,9556937	2,055294544
352,1696292	2,065976325
352,3835803	2,076658885
352,5975469	2,087342219
352,8115291	2,098026332
353,0255268	2,108711219
353,23954	2,11939688
353,4535688	2,130083319
353,6676132	2,140770538
353,8816731	2,15145853
354,0957485	2,162147297
354,3098394	2,172836837
354,5239459	2,183527156
354,7380678	2,194218244
354,9522053	2,204910111
355,1663583	2,215602752
355,3805268	2,226296167
355,5947108	2,236990356
355,8089103	2,247685319
356,0231253	2,258381055
356,2373557	2,269077561
356,4516017	2,279774845
356,6658631	2,290472899
356,88014	2,301171726
357,0944324	2,311871327
357,3087403	2,322571702
357,5230636	2,333272846
357,7374024	2,343974764
357,9517566	2,354677451
358,1661263	2,365380912
358,3805114	2,376085141
358,594912	2,386790145
358,809328	2,397495918
359,0237595	2,408202464
359,2382063	2,418909774
359,4526687	2,429617864
359,6671464	2,440326717
359,8816395	2,451036339
360,0961481	2,461746735
360,3106721	2,4724579
360,5252115	2,483169834
360,7397663	2,493882537
360,9543365	2,505799265
361,168922	2,518186477
361,383523	2,530574584
361,5981394	2,54296358
361,8127711	2,55535346
362,0274182	2,567744228
362,2420807	2,580135885
362,4567586	2,592528431
362,6714518	2,604921861
362,8861604	2,617316179
363,1008844	2,629711387
363,3156237	2,642107478
363,5303784	2,654504457
363,7451484	2,66690232
363,9599337	2,679301066
364,1747344	2,691700701
364,3895504	2,704101219
364,6043818	2,716502627
364,8192285	2,728904917
365,0340905	2,741308091
365,2489678	2,753712148
365,4638604	2,766117088
365,6787684	2,778522917
365,8936916	2,790929623
366,1086301	2,803337213
366,323584	2,815745692
366,5385531	2,828155048
366,7535376	2,840565293
366,9685373	2,852976416
367,1835523	2,865388422
367,3985825	2,877801305
367,6136281	2,890215077
367,8286889	2,902629727
368,043765	2,915045259
368,2588563	2,92746167
368,4739629	2,939878963
368,6890848	2,95229714
368,9042219	2,964716194
369,1193742	2,977136126
369,3345418	2,989556941
369,5497246	3,001978633
369,7649227	3,014401208
369,980136	3,026824661
370,1953645	3,039248992
370,4106082	3,051674199
370,6258672	3,06410029
370,8411413	3,076527253
371,0564307	3,088955099
371,2717352	3,101383816
371,487055	3,113813417
371,70239	3,126243895
371,9177401	3,138825776
372,1331055	3,153085454
372,348486	3,167346132
372,5638817	3,181607817
372,7792926	3,195870508
372,9947187	3,210134205
373,2101599	3,224398902
373,4256163	3,238664606
373,6410878	3,25293131
373,8565745	3,267199019
374,0720764	3,281467736
374,2875934	3,295737452
374,5031255	3,310008168
374,7186728	3,32427989
374,9342353	3,338552619
375,1498128	3,35282634
375,3654055	3,367101069
375,5810133	3,381376797
375,7966362	3,395653525
376,0122742	3,409931252
376,2279274	3,424209986
376,4435956	3,438489714
376,659279	3,452770447
376,8749775	3,467052181
377,090691	3,481334907
377,3064197	3,49561864
377,5221634	3,509903367
377,7379222	3,524189093
377,9536961	3,538475818
378,169485	3,552763537
378,3852891	3,567052263
378,6011082	3,581341981
378,8169423	3,595632693
379,0327916	3,609924411
379,2486558	3,624217116
379,4645351	3,63851082
379,6804295	3,652805525
379,8963389	3,667101222
380,1122634	3,681397919
380,3282029	3,69569561
380,5441574	3,709994294
380,7601269	3,72429397
380,9761115	3,738594647
381,1921111	3,752896317
381,4081256	3,767198973
381,6241552	3,781502629
381,8401998	3,795807278
382,0562595	3,810112927
382,2723341	3,824419563
382,4884237	3,838727192
382,7045282	3,853035807
382,9206478	3,867345422
383,1367824	3,882828809
383,3529319	3,898993678
383,5690964	3,91515967
383,7852759	3,931326783
384,0014703	3,947495011
384,2176797	3,96366436
384,4339041	3,979834831
384,6501434	3,996006416
384,8663976	4,012179116
385,0826668	4,028352938
385,298951	4,044527881
385,51525	4,060703931
385,731564	4,076881103
385,947893	4,093059397
386,1642368	4,109238797
386,3805956	4,12541932
386,5969693	4,141600956
386,8133579	4,157783707
387,0297614	4,173967572
387,2461799	4,190152559
387,4626132	4,206338653
387,6790614	4,222525861
387,8955245	4,238714184
388,1120025	4,25490362
388,3284954	4,271094171
388,5450031	4,287285829
388,7615258	4,303478609
388,9780633	4,319672495
389,1946156	4,335867489
389,4111829	4,352063604
389,627765	4,368260826
389,8443619	4,384459155
390,0609737	4,400658598
390,2776004	4,416859155
390,4942419	4,433060819
390,7108982	4,44926359
390,9275694	4,465467476
391,1442554	4,481672468
391,3609562	4,497878567
391,5776718	4,514085772
391,7944023	4,530294093
392,0111476	4,54650352
392,2279077	4,562714053
392,4446826	4,578925694
392,6614723	4,595138441
392,8782768	4,611352296
393,095096	4,627567249
393,3119301	4,643783317
393,528779	4,660000492
393,7456426	4,676218766
393,9625211	4,692438154
394,1794143	4,709334796
394,3963222	4,727403193
394,613245	4,745472831
394,8301825	4,763543694
395,0471347	4,781615782
395,2641018	4,79968911
395,4810835	4,817763655
395,69808	4,835839432
395,9150913	4,853916443
396,1321173	4,871994677
396,349158	4,890074137
396,5662134	4,908154821
396,7832836	4,926236737
397,0003685	4,944319879
397,2174681	4,962404244
397,4345824	4,980489835
397,6517115	4,998576658
397,8688552	5,016664697
398,0860136	5,034753961
398,3031868	5,052844457
398,5203746	5,07093617
398,7375771	5,089029107
398,9547943	5,107123269
399,1720262	5,125218656
399,3892728	5,143315266
399,606534	5,161413093
399,8238099	5,179512145
400,0411005	5,197612421
400,2584057	5,215713913
400,4757256	5,23381663
400,6930601	5,251920563
400,9104093	5,27002572
401,1277731	5,288132094
401,3451516	5,306239692
401,5625447	5,324348506
401,7799524	5,342458536
401,9973748	5,360569791
402,2148118	5,378682262
402,4322634	5,39679595
402,6497296	5,414910853
402,8672104	5,433026973
403,0847059	5,451144317
403,3022159	5,469262869
403,5197406	5,487382645
403,7372798	5,50550363
403,9548336	5,52362583
404,1724021	5,541749255
404,3899851	5,559873888
404,6075826	5,577999729
404,8251948	5,596126794
405,0428215	5,614255067
405,2604628	5,632887125
405,4781187	5,652826994
405,6957891	5,672768191
405,9134741	5,692710725
406,1311736	5,712654588
406,3488877	5,732599788
406,5666163	5,752546317
406,7843594	5,772494174
407,0021171	5,792443369
407,2198893	5,812393892
407,4376761	5,832345752
407,6554773	5,852298932
407,8732931	5,872253449
408,0911234	5,892209295
408,3089682	5,912166469
408,5268275	5,932124971
408,7447013	5,952084802
408,9625896	5,972045961
409,1804925	5,992008458
409,3984097	6,011972264
409,6163415	6,031937408
409,8342878	6,051903881
410,0522485	6,071871673
410,2702238	6,091840802
410,4882134	6,111811242
410,7062176	6,131783019
410,9242362	6,151756115
411,1422693	6,171730539
411,3603168	6,191706283
411,5783788	6,211683355
411,7964552	6,231661746
412,014546	6,251641457
412,2326513	6,271622496
412,4507711	6,291604863
412,6689052	6,31158854
412,8870538	6,331573546
413,1052168	6,351559871
413,3233942	6,371547515
413,5415861	6,391536487
413,7597923	6,41152677
413,978013	6,431518381
414,196248	6,451511302
414,4144974	6,471505542
414,6327613	6,491501111
414,8510395	6,511497989
415,0693321	6,531496187
415,2876391	6,551495704
415,5059605	6,57149654
415,7242962	6,591498686
415,9426463	6,611502152
416,1610108	6,631506937
416,3793896	6,652218348
416,5977828	6,674166021
416,8161903	6,696115132
417,0346122	6,718065689
417,2530485	6,740017693
417,471499	6,761971125
417,6899639	6,783926004
417,9084432	6,805882329
418,1269367	6,827840082
418,3454446	6,849799282
418,5639668	6,87175992
418,7825033	6,893721994
419,0010542	6,915685515
419,2196193	6,937650464
419,4381988	6,959616859
419,6567925	6,981584682
419,8754005	7,003553941
420,0940229	7,025524648
420,3126595	7,047496782
420,5313104	7,069470353
420,7499756	7,091445361
420,968655	7,113421796
421,1873487	7,135399669
421,4060567	7,157378978
421,624779	7,179359724
421,8435155	7,201341898
422,0622663	7,223325508
422,2810313	7,245310546
422,4998106	7,267297021
422,7186041	7,289284922
422,9374118	7,311274251
423,1562338	7,333265017
423,37507	7,35525721
423,5939204	7,37725083
423,8127851	7,399245887
424,0316639	7,421242361
424,250557	7,443240272
424,4694643	7,46523961
424,6883858	7,487240375
424,9073215	7,509242568
425,1262714	7,531246187
425,3452355	7,553251233
425,5642138	7,575257707
425,7832063	7,597265607
426,002213	7,619274935
426,2212338	7,641285679
426,4402688	7,663297851
426,659318	7,685311449
426,8783813	7,707326465
427,0974588	7,729342908
427,3165505	7,751470359
427,5356563	7,77494035
427,7547762	7,798411852
427,9739103	7,821884875
428,1930586	7,845359419
428,4122209	7,868835463
428,6313975	7,892313038
428,8505881	7,915792113
429,0697929	7,939272709
429,2890118	7,962754816
429,5082448	7,986238432
429,7274919	8,009723559
429,9467531	8,033210197
430,1660284	8,056698345
430,3853179	8,080188014
430,6046214	8,103679182
430,823939	8,127171861
431,0432707	8,150666051
431,2626165	8,17416175
431,4819764	8,19765896
431,7013503	8,22115767
431,9207383	8,24465789
432,1401404	8,26815962
432,3595566	8,291662861
432,5789868	8,315167601
432,798431	8,338673841
433,0178894	8,362181602
433,2373617	8,385690852
433,4568481	8,409201612
433,6763486	8,432713883
433,8958631	8,456227653
434,1153916	8,479742923
434,3349341	8,503259693
434,5544907	8,526777973
434,7740613	8,550297752
434,9936458	8,573819021
435,2132445	8,59734181
435,4328571	8,620866089
435,6524837	8,644391867
435,8721243	8,667919145
436,0917789	8,691447922
436,3114475	8,714978199
436,5311301	8,738509976
436,7508267	8,762043252
436,9705372	8,785578017
437,1902618	8,809114293
437,4100002	8,832652047
437,6297527	8,856191311
437,8495191	8,879732064
438,0692995	8,903274317
438,2890939	8,926818069
438,5089021	8,951122608
438,7287244	8,976202036
438,9485605	9,001283039
439,1684107	9,02636565
439,3882747	9,051449835
439,6081527	9,076535618
439,8280446	9,101622987
440,0479504	9,126711941
440,2678701	9,151802482
440,4878038	9,176894619
440,7077514	9,201988343
440,9277128	9,227083641
441,1476882	9,252180536
441,3676775	9,277279017
441,5876806	9,302379072
441,8076977	9,327480725
442,0277286	9,352583952
442,2477734	9,377688765
442,4678321	9,402795164
442,6879047	9,427903149
442,9079911	9,453012708
443,1280914	9,478123853
443,3482056	9,503236584
443,5683336	9,528350889
443,7884755	9,55346678
444,0086312	9,578584245
444,2288007	9,603703285
444,4489842	9,628823923
444,6691814	9,653946123
444,8893925	9,679069909
445,1096174	9,704195269
445,3298561	9,729322204
445,5501086	9,754450714
445,770375	9,779580809
445,9906552	9,804712479
446,2109492	9,829845723
446,4312569	9,85498053
446,6515785	9,880116923
446,8719139	9,90525489
447,0922631	9,930394432
447,312626	9,955535537
447,5330028	9,980678228
447,7533933	10,00582248
447,9737976	10,03096831
448,1942157	10,05611571
448,4146475	10,08126468
448,6350931	10,10641522
448,8555525	10,13156733
449,0760256	10,15672101
449,2965125	10,18187626
449,5170131	10,20714082
449,7375274	10,23369569
449,9580555	10,26025223
450,1785974	10,28681043
450,3991529	10,31337026
450,6197222	10,33993176
450,8403052	10,3664949
451,060902	10,39305971
451,2815124	10,41962616
451,5021366	10,44619427
451,7227744	10,47276401
451,943426	10,49933542
452,1640913	10,52590848
452,3847702	10,55248317
452,6054629	10,57905953
452,8261692	10,60563752
453,0468892	10,63221717
453,2676229	10,65879846
453,4883703	10,68538141
453,7091313	10,71196599
453,929906	10,73855222
454,1506944	10,7651401
454,3714964	10,79172962
454,5923121	10,81832079
454,8131414	10,8449136
455,0339844	10,87150805
455,254841	10,89810415
455,4757113	10,92470189
455,6965952	10,95130127
455,9174927	10,97790229
456,1384038	11,00450495
456,3593286	11,03110926
456,580267	11,0577152
456,801219	11,08432278
457,0221846	11,110932
457,2431638	11,13754286
457,4641566	11,16415536
457,685163	11,19076949
457,906183	11,21738526
458,1272166	11,24400267
458,3482638	11,27062172
458,5693245	11,29724239
458,7903988	11,3238647
459,0114868	11,35048866
459,2325882	11,37711423
459,4537033	11,40374146
459,6748319	11,43037031
459,895974	11,45700078
460,1171297	11,48363289
460,338299	11,51026664
460,5594818	11,53690202
460,7806781	11,56455553
461,001888	11,59243871
461,2231114	11,6203236
461,4443483	11,64821018
461,6655988	11,67609848
461,8868628	11,70398848
462,1081402	11,73188017
462,3294313	11,75977359
462,5507358	11,7876687
462,7720538	11,81556551
462,9933853	11,84346402
463,2147303	11,87136423
463,4360888	11,89926614
463,6574608	11,92716976
463,8788463	11,95507508
464,1002452	11,98298208
464,3216577	12,0108908
464,5430836	12,03880121
464,7645229	12,06671331
464,9859758	12,09462712
465,2074421	12,12254262
465,4289218	12,15045981
465,650415	12,17837871
465,8719216	12,20629929
466,0934417	12,23422157
466,3149752	12,26214554
466,5365222	12,29007122
466,7580826	12,31799858
466,9796564	12,34592763
467,2012436	12,37385837
467,4228443	12,40179081
467,6444584	12,42972494
467,8660858	12,45766075
468,0877267	12,48559826
468,309381	12,51353746
468,5310487	12,54147835
468,7527298	12,56942092
468,9744243	12,59736519
469,1961321	12,62531113
469,4178533	12,65325876
469,639588	12,6812081
469,861336	12,70915911
470,0830973	12,73711179
470,304872	12,76506617
470,5266601	12,79302223
470,7484616	12,82097998
470,9702764	12,84893941
471,1921045	12,87690052
471,413946	12,90486331
471,6358008	12,93282779
471,857669	12,96156135
472,0795505	12,99060912
472,3014454	13,01965865
472,5233535	13,04870991
472,745275	13,07776292
472,9672098	13,10681768
473,1891579	13,13587417
473,4111193	13,1649324
473,633094	13,19399238
473,8550821	13,22305411
474,0770834	13,25211757
474,299098	13,28118277
474,5211259	13,31024971
474,7431671	13,33931839
474,9652215	13,3683888
475,1872893	13,39746097
475,4093703	13,42653486
475,6314646	13,45561049
475,8535721	13,48468786
476,0756929	13,51376696
476,297827	13,5428478
476,5199743	13,57193037
476,7421349	13,60101469
476,9643087	13,63010073
477,1864957	13,6591885
477,408696	13,68827801
477,6309095	13,71736925
477,8531363	13,74646223
478,0753762	13,77555692
478,2976294	13,80465336
478,5198958	13,83375152
478,7421754	13,86285142
478,9644683	13,89195305
479,1867743	13,9210564
479,4090935	13,95016148
479,6314259	13,97926828
479,8537715	14,00837681
480,0761303	14,03748707
480,2985023	14,06659906
480,5208875	14,09571278
480,7432858	14,12482821
480,9656973	14,15394537
481,188122	14,18306426
481,4105598	14,21218486
481,6330108	14,2413072
481,8554749	14,27043124
482,0779522	14,29955702
482,3004427	14,32868452
482,5229463	14,35781374
482,745463	14,38694467
482,9679928	14,41696839
483,1905358	14,44728318
483,4130919	14,47759976
483,6356612	14,50791814
483,8582435	14,53823829
484,080839	14,56856024
484,3034476	14,59888397
484,5260693	14,62920948
484,748704	14,65953677
484,9713519	14,68986585
485,1940129	14,72019672
485,416687	14,75052938
485,6393741	14,7808638
485,8620744	14,81120002
486,0847877	14,84153802
486,307514	14,87187778
486,5302535	14,90221934
486,753006	14,93256267
486,9757716	14,96290779
487,1985502	14,99325468
487,4213419	15,02360335
487,6441467	15,05395381
487,8669645	15,08430604
488,0897953	15,11466004
488,3126391	15,14501581
488,535496	15,17537336
488,758366	15,2057327
488,9812489	15,2360938
489,2041449	15,26645668
489,4270539	15,29682133
489,6499759	15,32718775
489,8729109	15,35755594
490,0958589	15,38792591
490,3188199	15,41829764
490,5417939	15,44867115
490,7647809	15,47904643
490,9877809	15,50942347
491,2107939	15,53980229
491,4338198	15,57018287
491,6568587	15,60056521
491,8799106	15,63094933
492,1029755	15,66133522
492,3260533	15,69172286
492,5491441	15,72211228
492,7722479	15,75250347
492,9953646	15,78289641
493,2184942	15,81329111
493,4416368	15,84368759
493,6647924	15,87408583
493,8879608	15,90466524
494,1111422	15,93552224
494,3343365	15,96638102
494,5575438	15,9972416
494,780764	16,02810396
495,003997	16,0589681
495,227243	16,08983403
495,4505019	16,12070174
495,6737737	16,15157124
495,8970584	16,18244252
496,120356	16,21331559
496,3436665	16,24419044
496,5669899	16,27506707
496,7903261	16,30594547
497,0136753	16,33682567
497,2370373	16,36770764
497,4604122	16,39859139
497,6837999	16,42947691
497,9072005	16,46036422
498,130614	16,49125331
498,3540403	16,52214417
498,5774795	16,55303681
498,8009315	16,58393122
499,0243964	16,61482742
499,2478741	16,64572539
499,4713646	16,67662512
499,694868	16,70752664
499,9183841	16,73842992
500,1419131	16,76933497
500,365455	16,80024182
500,5890096	16,83115041
500,8125771	16,8620608
501,0361573	16,89297293
501,2597504	16,92388685
501,4833562	16,95480253
501,7069749	16,98571999
501,9306063	17,01663921
502,1542505	17,04756019
502,3779075	17,07848295
502,6015773	17,10940747
502,8252599	17,14033377
503,0489552	17,17126182
503,2726633	17,20219164
503,4963841	17,23312322
503,7201177	17,26405657
503,9438641	17,29499168
504,1676232	17,32592855
504,3913951	17,3568672
504,6151797	17,38780759
504,838977	17,41874975
505,062787	17,45009302
505,2866098	17,48158781
505,5104453	17,51308438
505,7342936	17,54458275
505,9581545	17,5760829
506,1820282	17,60758485
506,4059146	17,63908858
506,6298136	17,67059409
506,8537254	17,7021014
507,0776499	17,73361049
507,301587	17,76512136
507,5255369	17,79663403
507,7494994	17,82814848
507,9734746	17,85966471
508,1974625	17,89118272
508,4214631	17,92270253
508,6454763	17,9542241
508,8695022	17,98574747
509,0935408	18,01727262
509,317592	18,04879954
509,5416558	18,08032824
509,7657323	18,11185873
509,9898215	18,143391
510,2139233	18,17492504
510,4380377	18,20646086
510,6621647	18,23799845
510,8863044	18,26953783
511,1104567	18,30107898
511,3346217	18,33262191
511,5587992	18,36416661
511,7829893	18,39571308
512,0071921	18,42726134
512,2314074	18,45881135
512,4556354	18,49036315
512,679876	18,52191673
512,9041291	18,55347206
513,1283948	18,58502917
513,3526731	18,61658805
513,576964	18,6481487
513,8012675	18,67971113
514,0255835	18,71127531
514,2499121	18,74284127
514,4742533	18,774409
514,698607	18,80597849
514,9229733	18,83754976
515,1473521	18,86912278
515,3717434	18,90069756
515,5961474	18,93227413
515,8205638	18,96385244
516,0449928	18,99550668
516,2694343	19,02745842
516,4938883	19,05941195
516,7183549	19,09136727
516,942834	19,12332436
517,1673255	19,15528323
517,3918296	19,18724389
517,6163462	19,21920632
517,8408753	19,25117054
518,0654169	19,28313654
518,289971	19,31510431
518,5145376	19,34707387
518,7391167	19,3790452
518,9637082	19,4110183
519,1883123	19,44299319
519,4129288	19,47496985
519,6375577	19,50694828
519,8621992	19,53892849
520,086853	19,57091046
520,3115194	19,60289423
520,5361982	19,63487975
520,7608894	19,66686705
520,9855931	19,69885612
521,2103093	19,73084697
521,4350378	19,76283958
521,6597788	19,79483396
521,8845323	19,82683012
522,1092981	19,85882803
522,3340764	19,89082773
522,5588671	19,92282919
522,7836702	19,95483241
523,0084857	19,9868374
523,2333136	20,01884415
523,4581539	20,05085267
523,6830066	20,08286296
523,9078717	20,11487501
524,1327492	20,14688882
524,3576391	20,1789044
524,5825413	20,21092173
524,807456	20,24294084
525,0323829	20,27496169
525,2573223	20,30698432
525,482274	20,3390087
525,7072381	20,37103484
525,9322146	20,40306275
526,1572034	20,43509241
526,3822045	20,46712382
526,607218	20,499157
526,8322438	20,53119192
527,0572819	20,5632286
527,2823324	20,5954243
527,5073952	20,62765861
527,7324704	20,65989469
527,9575578	20,69213252
528,1826576	20,72437212
528,4077697	20,75661348
528,6328941	20,78885661
528,8580307	20,82110149
529,0831797	20,85334814
529,308341	20,88559655
529,5335146	20,91784672
529,7587004	20,95009864
529,9838986	20,98235234
530,209109	21,01460778
530,4343317	21,04686499
530,6595666	21,07912394
530,8848139	21,11138467
531,1100733	21,14364713
531,3353451	21,17591137
531,5606291	21,20817736
531,7859253	21,24044509
532,0112338	21,27271459
532,2365545	21,30498583
532,4618875	21,33725883
532,6872327	21,36953358
532,9125902	21,40181009
533,1379598	21,43408834
533,3633417	21,46636835
533,5887358	21,4986501
533,8141421	21,5309336
534,0395606	21,56321885
534,2649913	21,59550585
534,4904343	21,62779461
534,7158894	21,6600851
534,9413567	21,69237734
535,1668362	21,72467132
535,3923279	21,75696705
535,6178317	21,78926452
535,8433478	21,82156375
536,068876	21,85386471
536,2944164	21,88616742
536,5199689	21,91847186
536,7455336	21,95077805
536,9711105	21,98308598
537,1966995	22,01539565
537,4223007	22,04770707
537,647914	22,08002022
537,8735394	22,1123351
538,099177	22,14465173
538,3248267	22,17698323
538,5504886	22,20932709
538,7761625	22,24167268
539,0018486	22,27402001
539,2275468	22,30636908
539,4532571	22,33871988
539,6789796	22,37107243
539,9047141	22,4034267
540,1304607	22,43578271
540,3562194	22,46814044
540,5819902	22,50049992
540,8077731	22,53286113
541,0335681	22,56522407
541,2593752	22,59758874
541,4851943	22,62995514
541,7110255	22,66232327
541,9368688	22,69469313
542,1627241	22,72706472
542,3885915	22,75943804
542,614471	22,79181309
542,8403625	22,82418986
543,066266	22,85656836
543,2921816	22,88894858
543,5181092	22,92133053
543,7440489	22,95371421
543,9700006	22,98609961
544,1959643	23,01848673
544,42194	23,05087557
544,6479278	23,08326615
544,8739276	23,11565845
545,0999393	23,14805245
545,3259631	23,18044818
545,5519989	23,21284564
545,7780467	23,24524481
546,0041065	23,27764571
546,2301783	23,31004832
546,456262	23,34245264
546,6823578	23,3748587
546,9084655	23,40726646
547,1345852	23,43967594
547,3607168	23,47208713
547,5868604	23,50450003
547,813016	23,53691466
548,0391836	23,569331
548,2653631	23,60174905
548,4915545	23,63416881
548,7177579	23,66659029
548,9439732	23,69901347
549,1702005	23,73143837
549,3964397	23,76393074
549,6226908	23,79651332
549,8489539	23,82909763
550,0752289	23,86168366
550,3015158	23,89427139
550,5278146	23,92686085
550,7541253	23,95945201
550,9804479	23,99204489
551,2067824	24,02463948
551,4331288	24,05723579
551,6594871	24,08983381
551,8858573	24,12243354
552,1122394	24,15503499
552,3386334	24,18763815
552,5650392	24,22024301
552,7914569	24,25284959
553,0178865	24,28545787
553,2443279	24,31806786
553,4707812	24,35067956
553,6972464	24,38329298
553,9237234	24,41590809
554,1502122	24,44852491
554,3767129	24,48114343
554,6032255	24,51376367
554,8297498	24,5463856
555,056286	24,57900924
555,2828341	24,61163459
555,5093939	24,64426163
555,7359656	24,67689038
555,9625491	24,70952083
556,1891444	24,74215299
556,4157515	24,77478684
556,6423704	24,80742238
556,8690011	24,84005963
557,0956436	24,87269858
557,3222979	24,90533923
557,548964	24,93798157
557,7756419	24,97062562
558,0023315	25,00327135
558,2290329	25,03591878
558,4557461	25,06856791
558,6824711	25,10121874
558,9092078	25,13387125
559,1359563	25,16652547
559,3627165	25,19918137
559,5894885	25,23183896
559,8162722	25,26449824
560,0430677	25,29715923
560,2698749	25,32982189
560,4966938	25,3619765
560,7235245	25,39405471
560,9503669	25,42613457
561,177221	25,45821608
561,4040869	25,49029927
561,6309644	25,52238409
561,8578537	25,55447059
562,0847546	25,58655872
562,3116673	25,61864853
562,5385917	25,65073998
562,7655277	25,68283308
562,9924755	25,71492785
563,2194349	25,74702425
563,446406	25,77912232
563,6733888	25,81122203
563,9003833	25,8433234
564,1273894	25,87542641
564,3544072	25,90753108
564,5814367	25,9396374
564,8084778	25,97174536
565,0355306	26,00385498
565,262595	26,03596623
565,489671	26,06807913
565,7167587	26,10019368
565,9438581	26,13230989
566,1709691	26,16442773
566,3980917	26,19654722
566,6252259	26,22866835
566,8523717	26,26079112
567,0795292	26,29291554
567,3066983	26,3250416
567,5338789	26,35716929
567,7610712	26,38929863
567,9882751	26,42142962
568,2154906	26,45356224
568,4427177	26,48569651
568,6699563	26,5178324
568,8972066	26,54996995
569,1244684	26,58210912
569,3517418	26,61424993
569,5790268	26,64639238
569,8063233	26,67853646
570,0336314	26,71068218
570,2609511	26,74282954
570,4882823	26,77497853
570,7156251	26,80712916
570,9429794	26,83928141
571,1703453	26,87143531
571,3977227	26,90359083
571,6251116	26,93531447
571,8525121	26,96703535
572,0799241	26,99875783
572,3073476	27,03048191
572,5347826	27,0622076
572,7622292	27,09393491
572,9896872	27,12566381
573,2171568	27,15739432
573,4446379	27,18912644
573,6721305	27,22086017
573,8996345	27,25259548
574,1271501	27,28433241
574,3546771	27,31607094
574,5822156	27,34781106
574,8097656	27,37955279
575,0373271	27,41129613
575,2649001	27,44304107
575,4924845	27,4747876
575,7200804	27,50653573
575,9476877	27,53828546
576,1753065	27,57003678
576,4029367	27,6017897
576,6305784	27,63354422
576,8582315	27,66530034
577,0858961	27,69705805
577,3135721	27,72881736
577,5412595	27,76057826
577,7689584	27,79234076
577,9966686	27,82410484
578,2243903	27,85587052
578,4521234	27,88763779
578,6798679	27,91940665
578,9076239	27,95117712
579,1353912	27,98294916
579,3631699	28,0147228
579,59096	28,04649802
579,8187615	28,07827483
580,0465744	28,11005324
580,2743987	28,14183323
580,5022343	28,1736148
580,7300813	28,20539796
580,9579397	28,23718271
581,1858094	28,26896904
581,4136906	28,30075697
581,641583	28,33254646
581,8694868	28,36433755
582,097402	28,39613022
582,3253285	28,42792447
582,5532664	28,4595867
582,7812156	28,49081234
583,0091761	28,52203953
583,2371479	28,55326826
583,4651311	28,58449856
583,6931256	28,6157304
583,9211314	28,64696379
584,1491485	28,67819873
584,3771769	28,70943522
584,6052167	28,74067327
584,8332677	28,77191285
585,06133	28,80315398
585,2894036	28,83439666
585,5174885	28,86564089
585,7455847	28,89688666
585,9736922	28,92813398
586,2018109	28,95938284
586,429941	28,99063326
586,6580822	29,0218852
586,8862348	29,0531387
587,1143986	29,08439373
587,3425737	29,11565032
587,57076	29,14690843
587,7989575	29,17816808
588,0271663	29,20942928
588,2553864	29,24069203
588,4836176	29,2719563
588,7118602	29,30322213
588,9401139	29,33448948
589,1683788	29,36575836
589,396655	29,39702879
589,6249424	29,42830076
589,853241	29,45957426
590,0815508	29,4908493
590,3098718	29,52212587
590,538204	29,55340397
590,7665474	29,58468361
590,994902	29,61596478
591,2232678	29,64724748
591,4516447	29,67853171
591,6800329	29,70981748
591,9084322	29,74110478
592,1368427	29,77239361
592,3652643	29,80368396
592,5936971	29,83497584
592,8221411	29,86626926
593,0505962	29,8975642
593,2790625	29,92886067
593,5075399	29,96015867
593,7360284	29,99104501
593,9645281	30,02165202
594,193039	30,05226053
594,4215609	30,08287052
594,650094	30,113482
594,8786382	30,14409497
595,1071935	30,17470943
595,3357599	30,20532537
595,5643375	30,23594282
595,7929261	30,26656174
596,0215259	30,29718216
596,2501367	30,32780405
596,4787587	30,35842744
596,7073917	30,38905231
596,9360358	30,41967866
597,164691	30,4503065
597,3933572	30,48093581
597,6220346	30,51156662
597,850723	30,54219891
598,0794225	30,57283268
598,308133	30,60346793
598,5368546	30,63410466
598,7655872	30,66474287
598,9943309	30,69538256
599,2230856	30,72602373
599,4518514	30,75666638
599,6806282	30,78731051
599,9094161	30,81795612
600,1382149	30,8486032
600,3670248	30,87925176
600,5958457	30,90990179
600,8246777	30,94055331
601,0535206	30,97120629
601,2823746	31,00186076
601,5112395	31,03251669
601,7401154	31,06317409
601,9690024	31,09383298
602,1979003	31,12449333
602,4268093	31,15515516
602,6557292	31,18581846
602,88466	31,21648321
603,1136019	31,24714946
603,3425547	31,27781716
603,5715185	31,30848633
603,8004933	31,33915698
604,029479	31,36982909
604,2584757	31,40050267
604,4874833	31,43117772
604,7165019	31,46179624
604,9455314	31,4916693
605,1745719	31,52154379
605,4036232	31,5514197
605,6326856	31,58129705
605,8617588	31,61117581
606,090843	31,641056
606,3199381	31,67093762
606,5490441	31,70082066
606,778161	31,73070512
607,0072888	31,760591
607,2364275	31,79047831
607,4655771	31,82036703
607,6947376	31,85025718
607,923909	31,88014875
608,1530913	31,91004174
608,3822845	31,93993615
608,6114885	31,96983197
608,8407034	31,99972922
609,0699292	32,02962788
609,2991659	32,05952797
609,5284134	32,08942946
609,7576718	32,11933238
609,986941	32,14923671
610,2162211	32,17914245
610,445512	32,20904961
610,6748137	32,23895817
610,9041263	32,26886816
611,1334498	32,29877957
611,362784	32,32869237
611,5921291	32,3586066
611,821485	32,38852223
612,0508517	32,41843927
612,2802293	32,44835774
612,5096176	32,4782776
612,7390167	32,50819887
612,9684267	32,53812156
613,1978474	32,56804564
613,427279	32,59797115
613,6567213	32,62789806
613,8861744	32,65782637
614,1156383	32,68775609
614,345113	32,71768722
614,5745984	32,74761974
614,8040946	32,77755368
615,0336016	32,80748902
615,2631193	32,83742576
615,4926478	32,86736391
615,722187	32,89730345
615,951737	32,92682132
616,1812977	32,95612359
616,4108692	32,98542724
616,6404514	33,01473226
616,8700444	33,04403865
617,099648	33,0733464
617,3292624	33,10265553
617,5588875	33,13196602
617,7885233	33,16127788
618,0181699	33,19059111
618,2478271	33,2199057
618,477495	33,24922166
618,7071737	33,27853899
618,936863	33,30785768
619,1665631	33,33717774
619,3962738	33,36649916
619,6259952	33,39582195
619,8557272	33,42514609
620,08547	33,4544716
620,3152234	33,48379847
620,5449875	33,51312671
620,7747622	33,54245629
621,0045477	33,57178726
621,2343437	33,60111957
621,4641504	33,63045324
621,6939678	33,65978828
621,9237958	33,68912467
622,1536344	33,71846241
622,3834837	33,74780153
622,6133436	33,77714199
622,8432141	33,8064838
623,0730953	33,83582699
623,3029871	33,86517152
623,5328895	33,89451741
623,7628024	33,92386464
623,992726	33,95321323
624,2226602	33,98256318
624,452605	34,01191448
624,6825604	34,04126713
624,9125264	34,07062114
625,142503	34,0999765
625,3724901	34,1293332
625,6024879	34,15869127
625,8324962	34,18805067
626,062515	34,21741142
626,2925445	34,24677353
626,5225845	34,27613698
626,752635	34,30550178
626,9826961	34,33387055
627,2127678	34,36198204
627,44285	34,39009482
627,6729427	34,41820888
627,903046	34,44632423
628,1331598	34,47444087
628,3632841	34,50255879
628,593419	34,53067801
628,8235644	34,5587985
629,0537203	34,58692029
629,2838867	34,61504335
629,5140636	34,6431677
629,744251	34,67129333
629,9744489	34,69942024
630,2046574	34,72754845
630,4348763	34,75567793
630,6651057	34,78380869
630,8953456	34,81194074
631,1255959	34,84007405
631,3558568	34,86820866
631,5861281	34,89634454
631,8164099	34,92448171
632,0467021	34,95262015
632,2770048	34,98075986
632,507318	35,00890086
632,7376416	35,03704314
632,9679756	35,06518668
633,1983201	35,09333151
633,4286751	35,12147761
633,6590404	35,14962498
633,8894162	35,17777363
634,1198025	35,20592356
634,3501991	35,23407476
634,5806062	35,26222723
634,8110237	35,29038098
635,0414516	35,31853599
635,2718899	35,34669228
635,5023386	35,37484984
635,7327977	35,40300866
635,9632672	35,43116876
636,1937471	35,45933013
636,4242374	35,48749277
636,6547381	35,51565669
636,8852491	35,54382185
637,1157705	35,5719883
637,3463023	35,60015601
637,5768445	35,62832499
637,807397	35,65649523
638,0379598	35,68402789
638,2685331	35,71113297
638,4991166	35,73823926
638,7297106	35,76534678
638,9603148	35,79245549
639,1909294	35,81956543
639,4215544	35,8466766
639,6521896	35,87378896
639,8828352	35,90090254
640,1134911	35,92801734
640,3441574	35,95513335
640,5748339	35,98225057
640,8055208	36,00936901
641,0362179	36,03648865
641,2669254	36,06360951
641,4976431	36,09073157
641,7283712	36,11785485
641,9591095	36,14497933
642,1898582	36,17210504
642,4206171	36,19923194
642,6513862	36,22636004
642,8821657	36,25348937
643,1129554	36,28061989
643,3437554	36,30775163
643,5745657	36,33488457
643,8053862	36,36201872
644,0362169	36,38915406
644,2670579	36,41629062
644,4979092	36,44342838
644,7287707	36,47056735
644,9596424	36,49770751
645,1905244	36,52484888
645,4214166	36,55199146
645,652319	36,57913523
645,8832316	36,6062802
646,1141545	36,63342638
646,3450875	36,66057375
646,5760308	36,68772233
646,8069843	36,71487211
647,0379479	36,74202308
647,2689218	36,76917526
647,4999059	36,79632863
647,7309001	36,8234832
647,9619046	36,85063897
648,1929192	36,87779593
648,423944	36,9049541
648,6549789	36,93211344
648,886024	36,95927399
649,1170793	36,98586197
649,3481448	37,01189255
649,5792204	37,03792427
649,8103061	37,06395712
650,041402	37,08999112
650,2725081	37,11602627
650,5036243	37,14206256
650,7347506	37,16809999
650,965887	37,19413855
651,1970336	37,22017827
651,4281903	37,24621912
651,6593571	37,27226111
651,8905341	37,29830425
652,1217211	37,32434851
652,3529183	37,35039393
652,5841255	37,37644047
652,8153429	37,40248816
653,0465703	37,42853697
653,2778078	37,45458693
653,5090555	37,48063803
653,7403132	37,50669026
653,9715809	37,53274362
654,2028588	37,55879812
654,4341467	37,58485375
654,6654447	37,61091052
654,8967528	37,63696843
655,1280709	37,66302747
655,359399	37,68908763
655,5907373	37,71514894
655,8220855	37,74121136
656,0534438	37,76727492
656,2848121	37,79333961
656,5161905	37,81940544
656,7475789	37,84547239
656,9789774	37,87154049
657,2103858	37,89760969
657,4418043	37,92368004
657,6732327	37,9497515
657,9046712	37,97582409
658,1361197	38,00189782
658,3675782	38,02797267
658,5990467	38,05404865
658,8305252	38,08012575
659,0620137	38,10620398
659,2935121	38,13228333
659,5250206	38,15836381
659,756539	38,18444541
659,9880674	38,21052813
660,2196057	38,23599899
660,451154	38,26089725
660,6827123	38,28579659
660,9142805	38,310697
661,1458587	38,33559848
661,3774469	38,36050103
661,6090449	38,38540464
661,840653	38,41030933
662,0722709	38,43521508
662,3038988	38,46012191
662,5355366	38,4850298
662,7671844	38,50993876
662,998842	38,53484878
663,2305096	38,55975987
663,4621871	38,58467203
663,6938745	38,60958525
663,9255718	38,63449954
664,157279	38,65941489
664,3889961	38,6843313
664,6207231	38,70924878
664,8524599	38,73416732
665,0842067	38,75908692
665,3159633	38,78400759
665,5477298	38,80892932
665,7795062	38,83385211
666,0112925	38,85877596
666,2430886	38,88370087
666,4748945	38,90862684
666,7067104	38,93355388
666,938536	38,95848196
667,1703716	38,98341112
667,4022169	39,00834132
667,6340721	39,03327258
667,8659372	39,05820491
668,097812	39,08313829
668,3296967	39,10807272
668,5615913	39,13300823
668,7934956	39,15794477
669,0254097	39,18288237
669,2573337	39,20782103
669,4892675	39,23276075
669,721211	39,25770151
669,9531644	39,28264334
670,1851276	39,30758621
670,4171005	39,33253014
670,6490832	39,35747511
670,8810758	39,38242115
671,1130781	39,40736823
671,3450901	39,4315467
671,577112	39,45526509
671,8091436	39,47898447
672,0411849	39,50270484
672,2732361	39,52642622
672,5052969	39,55014859
672,7373676	39,57387196
672,9694479	39,59759632
673,201538	39,62132168
673,4336379	39,64504804
673,6657475	39,66877539
673,8978668	39,69250374
674,1299958	39,71623307
674,3621346	39,73996341
674,5942831	39,76369474
674,8264412	39,78742705
675,0586091	39,81116036
675,2907867	39,83489467
675,522974	39,85862996
675,755171	39,88236625
675,9873777	39,90610353
676,2195941	39,9298418
676,4518202	39,95358106
676,6840559	39,9773213
676,9163013	40,00106254
677,1485564	40,02480477
677,3808212	40,04854798
677,6130956	40,07229218
677,8453797	40,09603737
678,0776734	40,11978355
678,3099768	40,14353071
678,5422899	40,16727886
678,7746125	40,19102799
679,0069449	40,21477812
679,2392868	40,23852922
679,4716384	40,26228131
679,7039996	40,28603438
679,9363705	40,30978845
680,1687509	40,33354348
680,401141	40,35729951
680,6335407	40,38105652
680,86595	40,40481451
681,0983689	40,42857348
681,3307974	40,45233343
681,5632355	40,47609436
681,7956832	40,49985628
682,0281404	40,52361916
682,2606073	40,54738304
682,4930837	40,57026686
682,7255697	40,59297186
682,9580653	40,61567781
683,1905705	40,63838469
683,4230852	40,6610925
683,6556094	40,68380123
683,8881432	40,70651091
684,1206866	40,72922152
684,3532395	40,75193306
684,585802	40,77464554
684,818374	40,79735895
685,0509555	40,82007328
685,2835466	40,84278855
685,5161472	40,86550475
685,7487573	40,88822187
685,9813769	40,91093993
686,214006	40,93365891
686,4466447	40,95637883
686,6792929	40,97909968
686,9119505	41,00182144
687,1446177	41,02454414
687,3772943	41,04726777
687,6099805	41,06999232
687,8426761	41,0927178
688,0753812	41,1154442
688,3080958	41,13817154
688,5408198	41,16089979
688,7735534	41,18362897
689,0062964	41,20635908
689,2390488	41,2290901
689,4718107	41,25182206
689,7045821	41,27455493
689,9373629	41,29728873
690,1701531	41,32002345
690,4029528	41,34275909
690,635762	41,36549566
690,8685805	41,38823314
691,1014085	41,41097155
691,334246	41,43371088
691,5670928	41,45645112
691,7999491	41,47919229
692,0328147	41,50193437
692,2656898	41,52467738
692,4985743	41,54742131
692,7314682	41,57016615
692,9643715	41,59291191
693,1972841	41,61565858
693,4302062	41,63757012
693,6631376	41,65882298
693,8960785	41,6800767
694,1290287	41,70133127
694,3619882	41,72258669
694,5949572	41,74384297
694,8279355	41,76510011
695,0609231	41,78635809
695,2939202	41,80761694
695,5269265	41,82887663
695,7599422	41,85013717
695,9929673	41,87139858
696,2260017	41,89266083
696,4590454	41,91392393
696,6920985	41,93518789
696,9251609	41,95645269
697,1582326	41,97771835
697,3913136	41,99898485
697,624404	42,02025222
697,8575037	42,04152043
698,0906126	42,06278948
698,3237309	42,08405938
698,5568585	42,10533014
698,7899953	42,12660174
699,0231415	42,14787419
699,2562969	42,16914748
699,4894617	42,19042163
699,7226357	42,21169662
699,9558189	42,23297245
700,1890115	42,25424914
700,4222133	42,27552666
700,6554244	42,29680504
700,8886447	42,31808425
701,1218743	42,33936432
701,3551131	42,36064522
701,5883612	42,38192697
701,8216186	42,40320957
702,0548851	42,424493
702,2881609	42,44577727
702,521446	42,4670624
702,7547402	42,48834836
702,9880437	42,50963516
703,2213564	42,53092281
703,4546783	42,55221129
703,6880094	42,57350062
703,9213497	42,59479078
704,1546993	42,61608179
704,388058	42,63737363
704,6214259	42,65742522
704,854803	42,67741067
705,0881893	42,6973969
705,3215848	42,71738392
705,5549894	42,73737173
705,7884032	42,75736031
706,0218262	42,77734969
706,2552584	42,79733985
706,4886997	42,8173308
706,7221502	42,83732253
706,9556098	42,85731504
707,1890785	42,87730833
707,4225565	42,89730242
707,6560435	42,91729727
707,8895397	42,93729292
708,123045	42,95728934
708,3565595	42,97728655
708,5900831	42,99728454
708,8236158	43,01728332
709,0571576	43,03728286
709,2907085	43,05728319
709,5242686	43,07728431
709,7578377	43,0972862
709,9914159	43,11728887
710,2250033	43,13729232
710,4585997	43,15729655
710,6922052	43,17730155
710,9258198	43,19730733
711,1594435	43,2173139
711,3930762	43,23732123
711,6267181	43,25732935
711,860369	43,27733825
712,0940289	43,29734791
712,3276979	43,31735835
712,561376	43,33736958
712,7950631	43,35738157
713,0287593	43,37739434
713,2624645	43,39740788
713,4961788	43,4174222
713,729902	43,43743729
713,9636344	43,45745316
714,1973757	43,47746979
714,4311261	43,49748721
714,6648855	43,51750539
714,8986539	43,53752435
715,1324313	43,55754407
715,3662177	43,57756457
715,6000131	43,59702226
715,8338175	43,61572681
716,0676309	43,63443208
716,3014533	43,65313806
716,5352847	43,67184477
716,7691251	43,6905522
717,0029745	43,70926035
717,2368328	43,7279692
717,4707001	43,74667878
717,7045763	43,76538908
717,9384616	43,78410009
718,1723557	43,80281182
718,4062589	43,82152427
718,640171	43,84023743
718,874092	43,85895131
719,108022	43,8776659
719,3419609	43,89638121
719,5759087	43,91509723
719,8098655	43,93381397
720,0438312	43,95253142
720,2778058	43,97124958
720,5117893	43,98996846
720,7457818	44,00868805
720,9797831	44,02740835
721,2137934	44,04612937
721,4478126	44,06485111
721,6818406	44,08357354
721,9158776	44,1022967
722,1499234	44,12102056
722,3839781	44,13974513
722,6180418	44,15847042
722,8521142	44,17719641
723,0861956	44,19592311
723,3202858	44,21465052
723,5543849	44,23337865
723,7884929	44,25210748
724,0226097	44,27083702
724,2567353	44,28956727
724,4908698	44,30829822
724,7250132	44,32702989
724,9591654	44,34576226
725,1933264	44,36449534
725,4274963	44,38322912
725,661675	44,40196362
725,8958625	44,42069881
726,1300588	44,43943471
726,364264	44,45817132
726,5984779	44,47690863
726,8327007	44,49433531
727,0669323	44,51175406
727,3011726	44,52917346
727,5354218	44,54659353
727,7696797	44,56401424
728,0039465	44,58143561
728,238222	44,59885763
728,4725063	44,6162803
728,7067994	44,63370363
728,9411013	44,65112762
729,1754119	44,66855224
729,4097313	44,68597753
729,6440594	44,70340346
729,8783963	44,72083005
730,112742	44,73825728
730,3470964	44,75568517
730,5814595	44,77311371
730,8158314	44,79054289
731,050212	44,80797273
731,2846013	44,82540321
731,5189994	44,84283435
731,7534062	44,86026613
731,9878217	44,87769856
732,2222459	44,89513164
732,4566789	44,91256537
732,6911205	44,92999974
732,9255708	44,94743476
733,1600299	44,96487043
733,3944976	44,98230675
733,628974	44,99974371
733,8634591	45,01718131
734,0979529	45,03461956
734,3324554	45,05205847
734,5669666	45,06949801
734,8014864	45,0869382
735,0360149	45,10437903
735,270552	45,12182051
735,5050978	45,13926263
735,7396522	45,15670539
735,9742153	45,17414879
736,2087871	45,19159285
736,4433675	45,20903754
736,6779565	45,22648287
736,9125542	45,24392885
737,1471605	45,26137547
737,3817754	45,27882273
737,6163989	45,29627063
737,8510311	45,31287211
738,0856718	45,32900529
738,3203212	45,34513907
738,5549792	45,36127345
738,7896457	45,3774084
739,0243209	45,39354396
739,2590047	45,4096801
739,493697	45,42581683
739,728398	45,44195416
739,9631075	45,45809208
740,1978256	45,47423058
740,4325523	45,49036968
740,6672875	45,50650936
740,9020313	45,52264963
741,1367837	45,53879049
741,3715446	45,55493194
741,6063141	45,57107398
741,8410921	45,5872166
742,0758786	45,60335981
742,3106737	45,61950361
742,5454774	45,635648
742,7802895	45,65179297
743,0151102	45,66793852
743,2499395	45,68408468
743,4847772	45,7002314
743,7196235	45,71637872
743,9544782	45,73252662
744,1893415	45,74867511
744,4242133	45,76482418
744,6590935	45,78097383
744,8939823	45,79712407
745,1288796	45,8132749
745,3637853	45,8294263
745,5986996	45,8455783
745,8336223	45,86173087
746,0685535	45,87788402
746,3034931	45,89403776
746,5384412	45,91019208
746,7733978	45,92634698
747,0083629	45,94250247
747,2433364	45,95865853
747,4783183	45,97481518
747,7133087	45,9909724
747,9483076	46,00713021
748,1833148	46,0232886
748,4183305	46,03944756
748,6533547	46,05560711
748,8883873	46,07127602
749,1234282	46,08613045
749,3584777	46,10098542
749,5935355	46,11584092
749,8286017	46,13069695
750,0636763	46,14555351
750,2987594	46,16041061
750,5338508	46,17526823
750,7689507	46,19012639
751,0040589	46,20498508
751,2391755	46,21984429
751,4743005	46,23470404
751,7094338	46,24956431
751,9445756	46,26442512
752,1797257	46,27928645
752,4148842	46,29414831
752,650051	46,3090107
752,8852262	46,32387362
753,1204097	46,33873706
753,3556016	46,35360103
753,5908019	46,36846554
753,8260104	46,38333056
754,0612274	46,39819612
754,2964526	46,4130622
754,5316862	46,42792881
754,7669281	46,44279594
755,0021783	46,4576636
755,2374369	46,47253179
755,4727037	46,4874005
755,7079789	46,50226974
755,9432623	46,51713949
756,1785541	46,53200978
756,4138542	46,54688059
756,6491625	46,56175192
756,8844792	46,57662378
757,1198041	46,59149616
757,3551373	46,60636907
757,5904788	46,62124249
757,8258285	46,63611644
758,0611866	46,65099092
758,2965529	46,66586591
758,5319274	46,68074143
758,7673102	46,69561747
759,0027013	46,71049403
759,2381006	46,72537111
759,4735081	46,74024871
759,7089239	46,75512684
759,9443479	46,7697855
760,1797802	46,78349684
760,4152206	46,79720865
760,6506693	46,81092094
760,8861263	46,82463372
761,1215914	46,83834697
761,3570647	46,85206069
761,5925463	46,8657749
761,8280361	46,87948959
762,063534	46,89320475
762,2990402	46,90692039
762,5345545	46,92063651
762,770077	46,9343531
763,0056077	46,94807017
763,2411466	46,96178771
763,4766937	46,97550574
763,7122489	46,98922424
763,9478123	47,00294321
764,1833839	47,01666266
764,4189636	47,03038258
764,6545515	47,04410298
764,8901475	47,05782386
765,1257517	47,07154521
765,361364	47,08526703
765,5969845	47,09898933
765,832613	47,11271209
766,0682498	47,12643534
766,3038946	47,14015906
766,5395476	47,15388325
766,7752087	47,16760791
767,0108778	47,18133304
767,2465552	47,19505865
767,4822406	47,20878473
767,7179341	47,22251128
767,9536357	47,23623831
768,1893454	47,2499658
768,4250632	47,26369377
768,6607891	47,2774222
768,896523	47,29115111
769,132265	47,30488048
769,3680152	47,31861034
769,6037733	47,33234065
769,8395396	47,34607144
770,0753139	47,3598027
770,3110962	47,37353442
770,5468867	47,38726662
770,7826851	47,40099928
771,0184916	47,41403115
771,2543062	47,42636916
771,4901287	47,43870757
771,7259594	47,45104642
771,961798	47,46338568
772,1976447	47,47572536
772,4334994	47,48806546
772,6693621	47,50040598
772,9052328	47,51274692
773,1411115	47,52508827
773,3769982	47,53743005
773,612893	47,54977225
773,8487957	47,56211486
774,0847064	47,57445789
774,3206251	47,58680134
774,5565518	47,59914521
774,7924865	47,6114895
775,0284291	47,6238342
775,2643797	47,63617932
775,5003383	47,64852485
775,7363049	47,66087081
775,9722794	47,67321718
776,2082618	47,68556396
776,4442522	47,69791116
776,6802506	47,71025878
776,9162569	47,72260681
777,1522712	47,73495526
777,3882933	47,74730412
777,6243234	47,7596534
777,8603615	47,7720031
778,0964074	47,7843532
778,3324613	47,79670373
778,5685231	47,80905466
778,8045928	47,82140601
779,0406704	47,83375778
779,2767559	47,84610995
779,5128493	47,85846254
779,7489506	47,87081555
779,9850598	47,88316896
780,2211769	47,89552279
780,4573019	47,90787704
780,6934347	47,92023169
780,9295754	47,93258675
781,165724	47,94494223
781,4018805	47,95729812
781,6380448	47,96965442
781,874217	47,98201114
782,110397	47,99378476
782,3465849	48,00489393
782,5827806	48,01600347
782,8189842	48,02711338
783,0551956	48,03822365
783,2914148	48,0493343
783,5276419	48,06044531
783,7638768	48,0715567
784,0001195	48,08266845
784,23637	48,09378056
784,4726283	48,10489305
784,7088945	48,1160059
784,9451684	48,12711912
785,1814502	48,1382327
785,4177398	48,14934666
785,6540371	48,16046098
785,8903422	48,17157566
786,1266552	48,18269072
786,3629759	48,19380614
786,5993043	48,20492192
786,8356406	48,21603807
787,0719846	48,22715458
787,3083364	48,23827146
787,5446959	48,2493887
787,7810633	48,26050632
788,0174383	48,27162429
788,2538211	48,28274263
788,4902117	48,29386134
788,7266099	48,3049804
788,963016	48,31609983
789,1994297	48,32721963
789,4358512	48,33833979
789,6722804	48,34946031
789,9087173	48,36058119
790,145162	48,37170244
790,3816143	48,38282405
790,6180744	48,39394602
790,8545422	48,40506836
791,0910176	48,41619105
791,3275008	48,42731412
791,5639917	48,43843754
791,8004902	48,44956132
792,0369964	48,46068546
792,2735103	48,47180997
792,5100319	48,48293484
792,7465612	48,49406007
792,9830981	48,50518565
793,2196427	48,51569392
793,4561949	48,52559898
793,6927548	48,53550435
793,9293223	48,54541005
794,1658975	48,55531607
794,4024804	48,56522241
794,6390708	48,57512906
794,875669	48,58503604
795,1122747	48,59494334
795,3488881	48,60485096
795,5855091	48,61475889
795,8221377	48,62466715
796,0587739	48,63457572
796,2954177	48,64448461
796,5320692	48,65439382
796,7687282	48,66430335
797,0053948	48,67421319
797,2420691	48,68412336
797,4787509	48,69403384
797,7154403	48,70394464
797,9521373	48,71385576
798,1888419	48,7237672
798,425554	48,73367895
798,6622737	48,74359102
798,899001	48,7535034
799,1357358	48,7634161
799,3724782	48,77332912
799,6092282	48,78324246
799,8459857	48,79315611
800,0827507	48,80307008
800,3195233	48,81298436
800,5563034	48,82289896
800,7930911	48,83281388
801,0298863	48,84272911
801,266689	48,85264465
801,5034992	48,86256051
801,740317	48,87247668
801,9771423	48,88239317
802,213975	48,89230997
802,4508153	48,90222709
802,6876631	48,91214453
802,9245184	48,92206227
803,1613811	48,93198033
803,3982514	48,9418987
803,6351291	48,95181739
803,8720143	48,96173639
804,108907	48,9716557
804,3458072	48,98084201
804,5827149	48,98957045
804,81963	48,99829916
805,0565525	49,00702814
805,2934825	49,01575741
805,53042	49,02448694
805,7673649	49,03321676
806,0043173	49,04194684
806,2412771	49,0506772
806,4782443	49,05940784
806,715219	49,06813874
806,9522011	49,07686993
807,1891906	49,08560138
807,4261876	49,09433311
807,6631919	49,10306511
807,9002037	49,11179738
808,1372229	49,12052993
808,3742494	49,12926275
808,6112834	49,13799584
808,8483248	49,14672921
809,0853736	49,15546285
809,3224297	49,16419676
809,5594933	49,17293094
809,7965642	49,18166539
810,0336425	49,19040012
810,2707281	49,19913512
810,5078211	49,20787038
810,7449215	49,21660592
810,9820293	49,22534174
811,2191444	49,23407782
811,4562668	49,24281417
811,6933966	49,25155079
811,9305338	49,26028769
812,1676783	49,26902485
812,4048301	49,27776229
812,6419892	49,28649999
812,8791557	49,29523796
813,1163295	49,30397621
813,3535106	49,31271472
813,590699	49,3214535
813,8278948	49,33019256
814,0650978	49,33893188
814,3023082	49,34767147
814,5395258	49,35641133
814,7767507	49,36515146
815,013983	49,37389186
815,2512225	49,38263252
815,4884693	49,39045306
815,7257233	49,39803563
815,9629847	49,40561844
816,2002533	49,41320147
816,4375292	49,42078474
816,6748123	49,42836824
816,9121027	49,43595197
817,1494004	49,44353593
817,3867053	49,45112013
817,6240174	49,45870455
817,8613368	49,46628921
818,0986634	49,4738741
818,3359973	49,48145922
818,5733384	49,48904457
818,8106867	49,49663015
819,0480422	49,50421596
819,285405	49,51180201
819,5227749	49,51938828
819,7601521	49,52697479
819,9975365	49,53456152
820,234928	49,54214849
820,4723268	49,54973568
820,7097328	49,55732311
820,9471459	49,56491076
821,1845662	49,57249864
821,4219938	49,58008676
821,6594284	49,5876751
821,8968703	49,59526367
822,1343193	49,60285247
822,3717755	49,6104415
822,6092389	49,61803076
822,8467094	49,62562025
823,0841871	49,63320997
823,3216719	49,64079991
823,5591638	49,64839008
823,7966629	49,65598048
824,0341691	49,66357111
824,2716825	49,67116197
824,509203	49,67875305
824,7467306	49,68634437
824,9842653	49,69393591
825,2218072	49,70152768
825,4593561	49,70911967
825,6969122	49,71671189
825,9344754	49,72430434
826,1720456	49,73189701
826,409623	49,73944678
826,6472074	49,74597474
826,884799	49,75250291
827,1223976	49,75903127
827,3600033	49,76555982
827,5976161	49,77208857
827,8352359	49,77861751
828,0728628	49,78514665
828,3104968	49,79167598
828,5481378	49,79820551
828,7857859	49,80473523
829,0234411	49,81126514
829,2611032	49,81779524
829,4987725	49,82432554
829,7364487	49,83085604
829,974132	49,83738672
830,2118223	49,8439176
830,4495197	49,85044867
830,6872241	49,85697994
830,9249355	49,8635114
831,1626539	49,87004305
831,4003793	49,87657489
831,6381117	49,88310693
831,8758511	49,88963915
832,1135976	49,89617158
832,351351	49,90270419
832,5891114	49,90923699
832,8268788	49,91576999
833,0646531	49,92230318
833,3024345	49,92883656
833,5402228	49,93537013
833,7780181	49,94190389
834,0158203	49,94843785
834,2536296	49,954972
834,4914457	49,96150633
834,7292689	49,96804086
834,9670989	49,97457558
835,2049359	49,98111049
835,4427799	49,98764559
835,6806308	49,99418088
835,9184886	50,00071636
836,1563534	50,00725203
836,3942251	50,0137879
836,6321037	50,02032395
836,8699892	50,02686019
837,1078816	50,03339662
837,345781	50,03993325
837,5836872	50,04558495
837,8216003	50,05097555
838,0595204	50,0563663
838,2974473	50,06175722
838,5353811	50,06714828
838,7733218	50,07253951
839,0112694	50,07793089
839,2492239	50,08332243
839,4871852	50,08871412
839,7251534	50,09410596
839,9631285	50,09949797
840,2011104	50,10489013
840,4390992	50,11028244
840,6770948	50,11567491
840,9150973	50,12106753
841,1531066	50,12646031
841,3911227	50,13185324
841,6291457	50,13724633
841,8671756	50,14263958
842,1052122	50,14803298
842,3432557	50,15342653
842,581306	50,15882024
842,8193631	50,1642141
843,057427	50,16960811
843,2954977	50,17500228
843,5335752	50,18039661
843,7716596	50,18579109
844,0097507	50,19118572
844,2478486	50,19658051
844,4859533	50,20197545
844,7240648	50,20737054
844,962183	50,21276579
845,2003081	50,21816119
845,4384399	50,22355674
845,6765784	50,22895245
845,9147238	50,23434831
846,1528759	50,23974433
846,3910347	50,24514049
846,6292003	50,25053681
846,8673726	50,25593329
847,1055517	50,26132991
847,3437375	50,26672669
847,5819301	50,27212362
847,8201294	50,2775207
848,0583354	50,28291794
848,2965481	50,28831533
848,5347676	50,29355968
848,7729937	50,29790773
849,0112266	50,30225591
849,2494662	50,30660421
849,4877124	50,31095263
849,7259654	50,31530118
849,9642251	50,31964984
850,2024914	50,32399863
850,4407645	50,32834754
850,6790442	50,33269657
850,9173306	50,33704573
851,1556237	50,341395
851,3939234	50,3457444
851,6322298	50,35009392
851,8705429	50,35444356
852,1088626	50,35879332
852,347189	50,3631432
852,585522	50,36749321
852,8238616	50,37184333
853,0622079	50,37619358
853,3005609	50,38054395
853,5389205	50,38489444
853,7772867	50,38924505
854,0156595	50,39359578
854,2540389	50,39794663
854,492425	50,4022976
854,7308177	50,4066487
854,969217	50,41099991
855,2076229	50,41535125
855,4460353	50,4197027
855,6844544	50,42405428
855,9228801	50,42840597
856,1613124	50,43275779
856,3997512	50,43710972
856,6381966	50,44146178
856,8766486	50,44581396
857,1151072	50,45016625
857,3535723	50,45451867
857,592044	50,4588712
857,8305223	50,46322386
858,0690071	50,46757664
858,3074985	50,47192953
858,5459964	50,47628255
858,7845009	50,48063568
859,0230118	50,48498893
859,2615294	50,48934231
859,5000534	50,4936958
859,738584	50,49746219
859,9771211	50,50080518
860,2156648	50,50414826
860,4542149	50,50749143
860,6927716	50,51083469
860,9313347	50,51417805
861,1699044	50,51752149
861,4084806	50,52086503
861,6470632	50,52420865
861,8856524	50,52755237
862,124248	50,53089618
862,3628501	50,53424008
862,6014587	50,53758407
862,8400738	50,54092815
863,0786953	50,54427232
863,3173233	50,54761658
863,5559578	50,55096093
863,7945987	50,55430538
864,0332461	50,55764991
864,2718999	50,56099453
864,5105601	50,56433925
864,7492269	50,56768405
864,9879	50,57102895
865,2265796	50,57437393
865,4652656	50,57771901
865,703958	50,58106417
865,9426569	50,58440943
866,1813622	50,58775477
866,4200739	50,59110021
866,658792	50,59444573
866,8975165	50,59779135
867,1362474	50,60113705
867,3749847	50,60448285
867,6137283	50,60782873
867,8524784	50,6111747
868,0912349	50,61452076
868,3299977	50,61786691
868,568767	50,62121316
868,8075426	50,62455949
869,0463245	50,62790591
869,2851128	50,63125241
869,5239075	50,63459901
869,7627086	50,6379457
870,001516	50,64129248
870,2403297	50,64463934
870,4791498	50,6479863
870,7179762	50,65126025
870,956809	50,65363631
871,1956481	50,65601244
871,4344935	50,65838863
871,6733453	50,66076488
871,9122033	50,6631412
872,1510677	50,66551758
872,3899384	50,66789402
872,6288154	50,67027053
872,8676987	50,67264709
873,1065883	50,67502372
873,3454842	50,67740041
873,5843864	50,67977717
873,8232949	50,68215399
874,0622097	50,68453087
874,3011307	50,68690781
874,540058	50,68928482
874,7789916	50,69166188
875,0179315	50,69403901
875,2568776	50,6964162
875,49583	50,69879346
875,7347886	50,70117078
875,9737535	50,70354815
876,2127246	50,70592559
876,451702	50,7083031
876,6906856	50,71068066
876,9296754	50,71305829
877,1686715	50,71543598
877,4076738	50,71781373
877,6466823	50,72019154
877,8856971	50,72256942
878,124718	50,72494735
878,3637452	50,72732535
878,6027785	50,72970341
878,8418181	50,73208153
879,0808639	50,73445972
879,3199159	50,73683796
879,558974	50,73921627
879,7980383	50,74159464
880,0371089	50,74397307
880,2761856	50,74635156
880,5152684	50,74873011
880,7543575	50,75110873
880,9934527	50,7534874
881,2325541	50,75586614
881,4716616	50,75824494
881,7107753	50,76062379
881,9498951	50,76241916
882,1890211	50,76386722
882,4281532	50,7653153
882,6672914	50,76676343
882,9064358	50,76821159
883,1455863	50,76965979
883,384743	50,77110803
883,6239057	50,7725563
883,8630746	50,77400461
884,1022496	50,77545296
884,3414307	50,77690134
884,5806179	50,77834976
884,8198112	50,77979822
885,0590106	50,78124672
885,2982161	50,78269525
885,5374277	50,78414382
885,7766454	50,78559243
886,0158691	50,78704107
886,2550989	50,78848975
886,4943348	50,78993847
886,7335768	50,79138722
886,9728248	50,79283601
887,2120789	50,79428484
887,451339	50,7957337
887,6906052	50,7971826
887,9298775	50,79863154
888,1691558	50,80008051
888,4084401	50,80152952
888,6477304	50,80297856
888,8870268	50,80442765
889,1263293	50,80587677
889,3656377	50,80732592
889,6049522	50,80877511
889,8442726	50,81022434
890,0835991	50,81167361
890,3229316	50,81312291
890,5622701	50,81457225
890,8016146	50,81602162
891,0409651	50,81747103
891,2803216	50,81892048
891,5196841	50,82036996
891,7590525	50,82181948
891,9984269	50,82326904
892,2378074	50,82471863
892,4771937	50,82616825
892,7165861	50,82761792
892,9559844	50,82886056
893,1953886	50,82942485
893,4347989	50,82998916
893,674215	50,83055348
893,9136372	50,83111782
894,1530652	50,83168217
894,3924992	50,83224653
894,6319391	50,83281091
894,871385	50,8333753
895,1108368	50,83393971
895,3502945	50,83450413
895,5897581	50,83506856
895,8292277	50,83563301
896,0687031	50,83619747
896,3081845	50,83676194
896,5476717	50,83732643
896,7871649	50,83789094
897,0266639	50,83845545
897,2661689	50,83901999
897,5056797	50,83958453
897,7451964	50,84014909
897,984719	50,84071366
898,2242474	50,84127825
898,4637818	50,84184285
898,703322	50,84240746
898,942868	50,84297209
899	51,50473
900	51,39164
901	51,27857
902	51,16549
903	51,05241
904	50,93933
905	50,82688
906	50,7164
907	50,60592
908	50,49545
909	50,38497
910	50,27449
911	50,16401
912	50,11991
913	50,08873
914	50,05756
915	50,02638
916	49,9952
917	49,96403
918	49,9488
919	49,95437
920	49,95994
921	49,96551
922	49,97108
923	49,97665
924	49,98169
925	49,97018
926	49,95867
927	49,94717
928	49,93566
929	49,92415
930	49,91264
931	49,94098
932	49,99282
933	50,04467
934	50,0965
935	50,14834
936	50,20019
937	50,23398
938	50,20669
939	50,17941
940	50,15212
941	50,12483
942	50,09753
943	50,07024
944	50,00698
945	49,93623
946	49,86548
947	49,79474
948	49,724
949	49,65325
950	49,60365
951	49,58207
952	49,56049
953	49,53891
954	49,51733
955	49,49575
956	49,47495
957	49,47744
958	49,47993
959	49,48242
960	49,48492
961	49,48741
962	49,4899
963	49,47405
964	49,4477
965	49,42134
966	49,39499
967	49,36864
968	49,34229
969	49,31936
970	49,30729
971	49,29522
972	49,28314
973	49,27106
974	49,25899
975	49,24692
976	49,24652
977	49,24825
978	49,24999
979	49,25172
980	49,25345
981	49,25518
982	49,25401
983	49,24932
984	49,24462
985	49,23994
986	49,23524
987	49,23055
988	49,22252
989	49,16218
990	49,10184
991	49,0415
992	48,98117
993	48,92083
994	48,86049
995	48,8473
996	48,85745
997	48,86759
998	48,87774
999	48,88788
1000	48,89802
1001	48,89136
1002	48,84129
1003	48,79121
1004	48,74114
1005	48,69107
1006	48,64099
1007	48,59092
1008	48,54607
1009	48,50187
1010	48,45767
1011	48,41347
1012	48,36927
1013	48,32507
1014	48,29388
1015	48,27559
1016	48,2573
1017	48,23901
1018	48,22072
1019	48,20243
1020	48,18681
1021	48,19171
1022	48,19662
1023	48,20153
1024	48,20643
1025	48,21134
1026	48,21625
1027	48,2045
1028	48,18656
1029	48,16862
1030	48,15067
1031	48,13273
1032	48,11479
1033	48,07588
1034	47,99699
1035	47,91809
1036	47,8392
1037	47,7603
1038	47,68141
1039	47,60251
1040	47,57524
1041	47,55013
1042	47,52501
1043	47,4999
1044	47,47478
1045	47,44966
1046	47,41325
1047	47,36857
1048	47,32389
1049	47,27921
1050	47,23454
1051	47,18986
1052	47,15763
1053	47,17648
1054	47,19532
1055	47,21417
1056	47,23301
1057	47,25186
1058	47,27071
1059	47,25712
1060	47,23616
1061	47,2152
1062	47,19425
1063	47,1733
1064	47,15234
1065	47,10244
1066	47,01509
1067	46,92774
1068	46,8404
1069	46,75305
1070	46,66571
1071	46,57936
1072	46,50951
1073	46,43966
1074	46,3698
1075	46,29995
1076	46,2301
1077	46,16024
1078	46,16541
1079	46,20588
1080	46,24634
1081	46,28681
1082	46,32728
1083	46,36774
1084	46,40507
1085	46,43519
1086	46,46531
1087	46,49543
1088	46,52555
1089	46,55567
1090	46,58579
1091	46,4839
1092	46,37176
1093	46,25962
1094	46,14748
1095	46,03534
1096	45,9232
1097	45,83987
1098	45,77975
1099	45,71962
1100	45,6595
1101	45,59937
1102	45,53925
1103	45,48168
1104	45,43562
1105	45,38956
1106	45,34351
1107	45,29745
1108	45,2514
1109	45,20534
1110	45,20844
1111	45,22315
1112	45,23786
1113	45,25257
1114	45,26728
1115	45,28198
1116	45,25939
1117	45,18891
1118	45,11844
1119	45,04796
1120	44,97749
1121	44,90702
1122	44,83947
1123	44,81216
1124	44,78484
1125	44,75752
1126	44,73021
1127	44,70289
1128	44,67557
1129	44,60729
1130	44,52136
1131	44,43543
1132	44,3495
1133	44,26357
1134	44,17764
1135	44,1116
1136	44,08573
1137	44,05987
1138	44,034
1139	44,00814
1140	43,98227
1141	43,95641
1142	43,93579
1143	43,91537
1144	43,89494
1145	43,87451
1146	43,85408
1147	43,83366
1148	43,81275
1149	43,7915
1150	43,77026
1151	43,74902
1152	43,72778
1153	43,70654
1154	43,67336
1155	43,60109
1156	43,52883
1157	43,45657
1158	43,3843
1159	43,31204
1160	43,23977
1161	43,18683
1162	43,13673
1163	43,08665
1164	43,03656
1165	42,98646
1166	42,93638
1167	42,89865
1168	42,87288
1169	42,84712
1170	42,82135
1171	42,79559
1172	42,76982
1173	42,73552
1174	42,65166
1175	42,5678
1176	42,48394
1177	42,40007
1178	42,31621
1179	42,23235
1180	42,21219
1181	42,20927
1182	42,20635
1183	42,20343
1184	42,20051
1185	42,19759
1186	42,16713
1187	42,09973
1188	42,03234
1189	41,96494
1190	41,89754
1191	41,83014
1192	41,76828
1193	41,78106
1194	41,79384
1195	41,80662
1196	41,8194
1197	41,83218
1198	41,84496
1199	41,80356
1200	41,74025
1201	41,67693
1202	41,61362
1203	41,5503
1204	41,48699
1205	41,42854
1206	41,37892
1207	41,32929
1208	41,27966
1209	41,23004
1210	41,18041
1211	41,13081
1212	41,10111
1213	41,07142
1214	41,04174
1215	41,01204
1216	40,98236
1217	40,95266
1218	40,88244
1219	40,7901
1220	40,69776
1221	40,60542
1222	40,51308
1223	40,42074
1224	40,37223
1225	40,42848
1226	40,48472
1227	40,54097
1228	40,59721
1229	40,65346
1230	40,70971
1231	40,68983
1232	40,66534
1233	40,64085
1234	40,61637
1235	40,59188
1236	40,5674
1237	40,51821
1238	40,452
1239	40,38579
1240	40,31958
1241	40,25337
1242	40,18716
1243	40,12051
1244	40,05248
1245	39,98445
1246	39,91643
1247	39,8484
1248	39,78037
1249	39,71235
1250	39,62666
1251	39,53888
1252	39,4511
1253	39,36332
1254	39,27554
1255	39,18776
1256	39,10765
1257	39,03389
1258	38,96014
1259	38,88638
1260	38,81262
1261	38,73887
1262	38,67998
1263	38,68061
1264	38,68124
1265	38,68187
1266	38,6825
1267	38,68313
1268	38,68376
1269	38,63754
1270	38,58338
1271	38,52922
1272	38,47506
1273	38,4209
1274	38,36674
1275	38,31314
1276	38,26007
1277	38,207
1278	38,15393
1279	38,10086
1280	38,04778
1281	38,00951
1282	38,04454
1283	38,07957
1284	38,11461
1285	38,14964
1286	38,18467
1287	38,2197
1288	38,10787
1289	37,96511
1290	37,82234
1291	37,67958
1292	37,53682
1293	37,39406
1294	37,29903
1295	37,25468
1296	37,21033
1297	37,16598
1298	37,12163
1299	37,07729
1300	37,03419
1301	36,99849
1302	36,96279
1303	36,92708
1304	36,89138
1305	36,85568
1306	36,81998
1307	36,8317
1308	36,85483
1309	36,87796
1310	36,90109
1311	36,92422
1312	36,94735
1313	36,91951
1314	36,83396
1315	36,74841
1316	36,66286
1317	36,57731
1318	36,49176
1319	36,41182
1320	36,36882
1321	36,32582
1322	36,28281
1323	36,23981
1324	36,19681
1325	36,1538
1326	36,17743
1327	36,21814
1328	36,25884
1329	36,29955
1330	36,34025
1331	36,38096
1332	36,37477
1333	36,31399
1334	36,25321
1335	36,19244
1336	36,13166
1337	36,07088
1338	36,01057
1339	35,95346
1340	35,89636
1341	35,83926
1342	35,78216
1343	35,72505
1344	35,66795
1345	35,6686
1346	35,68406
1347	35,69951
1348	35,71496
1349	35,73041
1350	35,74586
1351	35,77339
1352	35,81482
1353	35,85625
1354	35,89768
1355	35,9391
1356	35,98053
1357	36,0363
1358	36,18397
1359	36,33164
1360	36,47931
1361	36,62697
1362	36,77464
1363	36,92231
1364	37,02838
1365	37,12445
1366	37,22051
1367	37,31658
1368	37,41264
1369	37,5087
1370	37,53958
1371	37,49926
1372	37,45894
1373	37,41863
1374	37,37831
1375	37,33799
1376	37,30335
1377	37,30063
1378	37,2979
1379	37,29518
1380	37,29245
1381	37,28973
1382	37,287
1383	37,23693
1384	37,1768
1385	37,11668
1386	37,05655
1387	36,99643
1388	36,9363
1389	36,90347
1390	36,89793
1391	36,89238
1392	36,88684
1393	36,8813
1394	36,87575
1395	36,87646
1396	36,90642
1397	36,93639
1398	36,96635
1399	36,99631
1400	37,02628
1401	37,05624
1402	36,89577
1403	36,70274
1404	36,50971
1405	36,31669
1406	36,12366
1407	35,93063
1408	35,7903
1409	35,69632
1410	35,60235
1411	35,50837
1412	35,4144
1413	35,32042
1414	35,22955
1415	35,15019
1416	35,07084
1417	34,99148
1418	34,91213
1419	34,83277
1420	34,75342
1421	34,5444
1422	34,31983
1423	34,09527
1424	33,87071
1425	33,64614
1426	33,42158
1427	33,20389
1428	32,9913
1429	32,77871
1430	32,56612
1431	32,35353
1432	32,14094
1433	31,95341
1434	31,83835
1435	31,72328
1436	31,60822
1437	31,49315
1438	31,37809
1439	31,26302
1440	31,18516
1441	31,10963
1442	31,03411
1443	30,95858
1444	30,88305
1445	30,80752
1446	30,78921
1447	30,80509
1448	30,82097
1449	30,83684
1450	30,85272
1451	30,86859
1452	30,85963
1453	30,79587
1454	30,73212
1455	30,66837
1456	30,60462
1457	30,54087
1458	30,47712
1459	30,41279
1460	30,34846
1461	30,28413
1462	30,21979
1463	30,15546
1464	30,09113
1465	30,03681
1466	29,98706
1467	29,93731
1468	29,88756
1469	29,83781
1470	29,78806
1471	29,73431
1472	29,67393
1473	29,61355
1474	29,55317
1475	29,4928
1476	29,43242
1477	29,3733
1478	29,33163
1479	29,28997
1480	29,2483
1481	29,20664
1482	29,16497
1483	29,12331
1484	29,13988
1485	29,17494
1486	29,21
1487	29,24506
1488	29,28013
1489	29,31519
1490	29,29251
1491	29,19956
1492	29,10661
1493	29,01367
1494	28,92072
1495	28,82777
1496	28,74287
1497	28,70539
1498	28,66792
1499	28,63045
1500	28,59297
1501	28,5555
1502	28,51802
1503	28,49324
1504	28,47087
1505	28,44851
1506	28,42614
1507	28,40378
1508	28,38141
1509	28,32214
1510	28,23091
1511	28,13967
1512	28,04844
1513	27,95721
1514	27,86598
1515	27,77783
1516	27,6999
1517	27,62196
1518	27,54403
1519	27,46609
1520	27,38816
1521	27,31022
1522	27,29711
1523	27,28887
1524	27,28064
1525	27,2724
1526	27,26416
1527	27,25592
1528	27,26438
1529	27,28264
1530	27,3009
1531	27,31915
1532	27,33741
1533	27,35567
1534	27,35671
1535	27,32278
1536	27,28885
1537	27,25492
1538	27,22099
1539	27,18705
1540	27,15379
1541	27,14148
1542	27,12916
1543	27,11684
1544	27,10453
1545	27,09221
1546	27,07989
1547	26,98344
1548	26,85636
1549	26,72927
1550	26,60218
1551	26,47509
1552	26,34801
1553	26,29326
1554	26,3317
1555	26,37014
1556	26,40858
1557	26,44701
1558	26,48546
1559	26,51372
1560	26,47997
1561	26,44623
1562	26,41248
1563	26,37874
1564	26,34499
1565	26,31125
1566	26,27584
1567	26,24013
1568	26,20443
1569	26,16872
1570	26,13301
1571	26,0973
1572	26,04885
1573	25,99015
1574	25,93144
1575	25,87273
1576	25,81402
1577	25,75531
1578	25,69786
1579	25,64397
1580	25,59007
1581	25,53618
1582	25,48228
1583	25,42839
1584	25,37449
1585	25,33542
1586	25,2968
1587	25,25817
1588	25,21955
1589	25,18092
1590	25,1423
1591	25,14375
1592	25,16398
1593	25,18421
1594	25,20443
1595	25,22466
1596	25,24489
1597	25,24704
1598	25,22117
1599	25,19529
1600	25,16941
1601	25,14353
1602	25,11765
1603	25,08995
1604	25,04657
1605	25,00318
1606	24,9598
1607	24,91641
1608	24,87303
1609	24,82964
1610	24,80863
1611	24,79264
1612	24,77665
1613	24,76065
1614	24,74466
1615	24,72867
1616	24,64076
1617	24,48959
1618	24,33842
1619	24,18725
1620	24,03608
1621	23,8849
1622	23,78765
1623	23,85481
1624	23,92197
1625	23,98912
1626	24,05628
1627	24,12344
1628	24,1906
1629	24,14679
1630	24,09884
1631	24,05089
1632	24,00294
1633	23,95499
1634	23,90704
1635	23,84764
1636	23,78289
1637	23,71813
1638	23,65337
1639	23,58861
1640	23,52385
1641	23,50286
1642	23,54751
1643	23,59216
1644	23,63682
1645	23,68147
1646	23,72612
1647	23,76325
1648	23,74519
1649	23,72714
1650	23,70909
1651	23,69103
1652	23,67298
1653	23,65493
1654	23,6381
1655	23,6215
1656	23,60491
1657	23,58831
1658	23,57172
1659	23,55512
1660	23,53049
1661	23,49963
1662	23,46878
1663	23,43792
1664	23,40706
1665	23,3762
1666	23,34949
1667	23,33314
1668	23,31678
1669	23,30043
1670	23,28407
1671	23,26772
1672	23,25113
1673	23,21101
1674	23,17089
1675	23,13078
1676	23,09066
1677	23,05055
1678	23,01043
1679	22,99939
1680	22,99883
1681	22,99827
1682	22,9977
1683	22,99714
1684	22,99658
1685	22,97444
1686	22,92716
1687	22,87989
1688	22,83261
1689	22,78534
1690	22,73806
1691	22,70797
1692	22,75161
1693	22,79525
1694	22,8389
1695	22,88254
1696	22,92618
1697	22,96982
1698	23,01813
1699	23,06686
1700	23,11558
1701	23,16431
1702	23,21303
1703	23,26176