250.1086158;0.04702325818171079
250.5204531;-0.062025911156635284
250.9323605;0.034117694916285836
251.344338;0.07177822233683351
251.7563855;0.10809858358627944
252.168503;-0.12349920630785942
252.5806905;-0.7099525968690438
252.9929479;-0.5056423139011832
253.4052752;-0.9400078630633255
253.8176724;0.26651294107068346
254.2301395;-0.8334050378724795
254.6426764;-0.26804101748718295
255.055283;-0.1265543834372786
255.4679594;-0.35080107310522624
255.8807055;-0.5922728772134654
256.2935213;-2.5976240373204873
256.7064067;-1.5131248685209877
257.1193617;-0.20242634836127524
257.5323864;-0.9719723030689692
257.9454806;1.6172883546926422
258.3586443;0.0929414610329669
258.7718774;-1.2449341624196109
259.1851801;-1.3326419807113719
259.5985521;0.46153020266259276
260.0119936;-0.6868776940793514
260.4255044;-4.981501241497987
260.8390845;-0.11192892219393731
261.252734;-1.5376275716442647
261.6664526;-4.184828243628847
262.0802405;-1.578064469417402
262.4940976;-4.449226009694922
262.9080239;-2.086974164896966
263.3220193;-1.3313297418635257
263.7360838;-1.9257089276510164
264.1502173;6.071540118041378
264.5644199;-2.2695074465669896
264.9786915;-0.6659598703388877
265.3930321;1.9874548300559285
265.8074416;-0.9491405723294173
266.2219199;-0.8233016887856349
266.6364672;-1.5147062371642528
267.0510833;-0.49446159627572134
267.4657682;0.4698791383225648
267.8805219;-6.294112981806782
268.2953443;-2.0091464311291944
268.7102354;-5.543972817498643
269.1251952;-2.1022463173762476
269.5402236;0.950210403654552
269.9553207;6.682160023363969
270.3704863;0.23063720615044114
270.7857205;4.377739155507998
271.2010231;2.5496594078479458
271.6163943;4.486795221612734
272.0318339;-8.59863551048127
272.4473419;-1.981339575070559
272.8629183;-1.0231176778843833
273.2785631;1.7160720023554006
273.6942762;1.23042263436787
274.1100575;-8.140375730746472
274.5259071;-8.81755923271945
274.9418249;-4.22534123324269
275.357811;-2.636725834861985
275.7738651;-0.9124337046518306
276.1899874;3.6477019442474097
276.6061778;-3.181278541046363
277.0224362;-5.088302119840153
277.4387627;-8.336973215710373
277.8551572;-3.419995514692936
278.2716196;-2.765785602079445
278.6881499;-4.4206494319200065
279.1047482;8.419806373625613
279.5214143;-5.5608715299859695
279.9381482;-4.520897492971865
280.35495;-6.573130339595294
280.7718195;-9.354978114380451
281.1887567;1.23260099148056
281.6057616;-2.0070611185539087
282.0228342;2.6680705040273662
282.4399745;5.643739046814375
282.8571823;5.201269540008216
283.2744577;3.2924000685515225
283.6918007;-5.6166505760742735
284.1092111;3.9090294481803585
284.526689;3.957822195431035
284.9442344;-10.528361436123955
285.3618472;9.582409562916173
285.7795273;3.093555002612668
286.1972748;1.7715826746544638
286.6150896;-4.964753351137306
287.0329717;0.6564078762789118
287.450921;-3.788272315031856
287.8689376;-13.191421769109011
288.2870213;2.955628005719504
288.7051722;2.2602077570944683
289.1233902;-2.0020542000479717
289.5416752;-2.517494893540592
289.9600274;-6.544986534832954
290.3784465;2.2323807243290443
290.7969326;3.7886521475299877
291.2154857;-3.7866441617606013
291.6341057;-5.392543280026144
292.0527926;-4.389112267650686
292.4715464;2.2132540493537034
292.8903669;-9.713839797188148
293.3092543;0.7670432617123939
293.7282084;3.6514846733912427
294.1472293;-13.317808160960368
294.5663168;-1.4409283101170225
294.985471;0.9379221588609535
295.4046919;6.065798426715109
295.8239793;8.13347370761461
296.2433333;-13.374044256426666
296.6627538;-7.065446084013177
297.0822408;-2.852881107380586
297.5017943;-0.7968142595485764
297.9214143;-1.8526697913338142
298.3411006;-10.347380449237724
298.7608533;3.6105403210952134
299.1806723;4.265725361963847
299.6005577;-17.299349667266856
300.0205093;7.154644405782343
300.4405271;-3.21117814524946
300.8606112;-6.906641303643239
301.2807614;3.803264766223913
301.7009778;-5.886644694472562
302.1212603;5.498984906280384
302.5416088;1.7563709986615572
302.9620234;4.588995910419572
303.382504;-14.945664791725356
303.8030506;-11.52401448943866
304.2236632;8.101184377536162
304.6443416;7.647494416521966
305.065086;0.9788447459918136
305.4858962;0.11428214666931116
305.9067722;9.403731901907936
306.327714;3.827781261979837
306.7487215;-22.64867724460443
307.1697948;-23.893760458925573
307.5909337;8.784460350160124
308.0121383;-8.062942515500657
308.4334086;14.598719489739391
308.8547444;6.767420401179755
309.2761458;5.510199251829011
309.6976127;-8.298440518703353
310.1191451;2.1998281765346466
310.5407429;-1.5833251802029098
310.9624062;-14.406447685248917
311.3841349;15.137835069311732
311.8059289;-1.228192014242085
312.2277883;2.4679874597721376
312.6497129;-15.196839924371796
313.0717029;-1.6511759612217236
313.493758;-16.395796582816264
313.9158784;28.19668937451761
314.3380639;14.863326310550706
314.7603146;-4.9417316789670105
315.1826304;-28.285419067952212
315.6050112;-16.32965163143275
316.0274571;-25.756094258180475
316.449968;13.065828409590514
316.8725438;-8.46542949380898
317.2951846;-26.033635836664452
317.7178904;-4.745608690791566
318.1406609;-4.133324468783042
318.5634964;-3.301046583823627
318.9863966;-10.893377260663794
319.4093616;-21.636472359457326
319.8323914;-6.8627971184272605
320.2554859;6.757820780445723
320.678645;-4.063626719159974
321.1018688;2.8209885735637665
321.5251572;9.124249362694282
321.9485102;-5.270741683782801
322.3719278;-11.661026946090788
322.7954099;-9.44079209512721
323.2189564;6.127047772246971
323.6425674;-35.89747209442817
324.0662429;0.6148041965427148
324.4899827;17.22202432943562
324.9137869;1.0972091429107824
325.3376554;-19.94121093811851
325.7615882;15.375750273613946
326.1855852;-25.424903487438108
326.6096465;8.809884712241006
327.033772;22.40321037914713
327.4579616;9.888773268700671
327.8822154;-19.635296925557217
328.3065332;-13.106636285470135
328.7309151;16.224538715968666
329.1553611;6.627200946692191
329.579871;20.144927787513833
330.004445;10.46274229946813
330.4290828;-3.619819352306435
330.8537846;16.152338836996144
331.2785502;-10.289916686293225
331.7033797;11.456935040291226
332.1282729;-9.10844483799548
332.55323;16.238537977485787
332.9782507;4.336867445224189
333.4033352;8.819450509818726
333.8284834;-11.934287240530937
334.2536952;-1.1509050851034743
334.6789706;-34.118690722916696
335.1043096;-1.4277685553975277
335.5297121;-24.790895642963932
335.9551781;-23.56227864132186
336.3807077;0.7192680696811028
336.8063006;7.266260777196661
337.231957;25.372957385902996
337.6576768;12.29124150120047
338.0834599;12.90366005138461
338.5093063;-4.269043162028894
338.935216;9.114750768542493
339.361189;-14.962618244486025
339.7872252;9.489705960987472
340.2133245;15.763495293643242
340.6394871;6.7332646295252365
341.0657127;1.3296983119298031
341.4920015;-6.7080515561085665
341.9183533;40.597112581894606
342.3447681;-14.307685277815686
342.7712459;10.387154196808876
343.1977867;5.171301457857273
343.6243904;-13.325850334851982
344.051057;22.34343008885484
344.4777864;-0.9860033216258144
344.9045787;6.157547679963841
345.3314338;1.9945133339428511
345.7583517;7.412619005453308
346.1853323;-7.960253602999055
346.6123755;31.45439645627346
347.0394815;58.71053593897752
347.4666501;-3.4661609331991263
347.8938813;-6.556599778791441
348.321175;-33.77023231052256
348.7485313;-4.447219796125226
349.1759501;44.11969088984126
349.6034314;-15.433937856312282
350.0309751;22.202207029049077
350.4585813;5.886196370680351
350.8862498;7.5027369301459785
351.3139806;15.482027294541599
351.7417738;28.97515244269258
352.1696292;15.939778679272058
352.5975469;14.059703053778147
353.0255268;35.48443821187956
353.4535688;5.738632387670499
353.8816731;-6.9632297203823965
354.3098394;-7.3149171932557095
354.7380678;63.05562910352879
355.1663583;23.662428388239803
355.5947108;0.22448591946287352
356.0231253;47.83807200163816
356.4516017;57.40774919059552
356.88014;54.268874213601386
357.3087403;31.57669274910162
357.7374024;36.77374183349723
358.1661263;58.66790852611489
358.594912;18.30482982771294
359.0237595;19.40875335964367
359.4526687;25.32960072412583
359.8816395;18.86776612976343
360.3106721;43.55160056359386
360.7397663;35.71857218259232
361.168922;47.035801576747794
361.5981394;21.621449786632194
362.0274182;47.396346608558645
362.4567586;62.05184980224132
362.8861604;17.616138737906862
363.3156237;23.72731593956267
363.7451484;7.385574830859311
364.1747344;36.823857040049894
364.6043818;43.80362570725358
365.0340905;43.251741012233
365.4638604;37.23743676250905
365.8936916;40.28936389376256
366.323584;52.50706457497857
366.7535376;58.93449084666147
367.1835523;72.40936578374034
367.6136281;82.2746390397251
368.043765;49.94929658846804
368.4739629;42.310892747114124
368.9042219;46.947603517863826
369.3345418;80.10801629861426
369.7649227;82.28319829242236
370.1953645;70.87533065327355
370.6258672;69.98339658070333
371.0564307;59.19740056336834
371.487055;75.0751033926164
371.9177401;114.41217023921625
372.348486;88.67137738799876
372.7792926;68.53228909378363
373.2101599;81.9446983648968
373.6410878;80.29542712447903
374.0720764;105.12335828371543
374.5031255;105.50307544060499
374.9342353;117.63657881736593
375.3654055;100.31637617585854
375.7966362;120.43436328653605
376.2279274;132.73706551568984
376.659279;94.19577404157907
377.090691;115.6814089334214
377.5221634;121.67647250321929
377.9536961;75.8505203245982
378.3852891;98.29195167443413
378.8169423;75.15889893911634
379.2486558;159.07943058180666
379.6804295;154.70937788716577
380.1122634;132.73681690253483
380.5441574;95.43900547528146
380.9761115;121.2785843354922
381.4081256;116.72483345623668
381.8401998;130.77868857555004
382.2723341;88.81523890908043
382.7045282;161.67027761131806
383.1367824;173.90993881911012
383.5690964;197.14628601146123
384.0014703;132.51676582887993
384.4339041;172.65687075077204
384.8663976;127.86300122494909
385.298951;206.07963345529117
385.731564;241.28517619054992
386.1642368;224.08159015667104
386.5969693;235.0899498181416
387.0297614;233.69323069323764
387.4626132;244.81436301973795
387.8955245;206.57871576954375
388.3284954;254.61181337827077
388.7615258;260.19609498598595
389.1946156;274.58423827420324
389.627765;299.13046031321346
390.0609737;280.69311426892506
390.4942419;316.0095956175126
390.9275694;357.734964121373
391.3609562;346.3981921296731
391.7944023;364.83351912141126
392.2279077;353.89132725666695
392.6614723;422.2264907102258
393.095096;371.3293230659465
393.528779;367.94241133645
393.9625211;343.72895819555714
394.3963222;388.78166212011195
394.8301825;394.062166294972
395.2641018;324.00455001323434
395.69808;457.780839790157
396.1321173;443.07980723636973
396.5662134;396.9416269424546
397.0003685;372.24962750993467
397.4345824;438.23335842689437
397.8688552;458.5684636188304
398.3031868;418.43882767387936
398.7375771;397.2175764353595
399.1720262;432.1492096808716
399.606534;402.83070224848194
400.0411005;379.95498321577963
400.4757256;471.87258235359076
400.9104093;514.5099973585634
401.3451516;414.670048791616
401.7799524;398.67509083170415
402.2148118;594.5606916374265
402.6497296;588.1021904248258
403.0847059;510.86250154470446
403.5197406;578.4162694317965
403.9548336;589.7462122960357
404.3899851;555.0322221458929
404.8251948;556.1106540986137
405.2604628;556.6903879750582
405.6957891;620.8869951003466
406.1311736;542.1444878644045
406.5666163;637.6604314587111
407.0021171;644.3776169301241
407.4376761;684.7641767217181
407.8732931;660.8690054913061
408.3089682;712.4589250459586
408.7447013;711.9222386009919
409.1804925;784.9293835767135
409.6163415;868.3918706309229
410.0522485;755.5320701900532
410.4882134;842.8542781135038
410.9242362;892.1864196526956
411.3603168;944.3110980574518
411.7964552;966.2020255437624
412.2326513;978.000847966222
412.6689052;964.2865760728691
413.1052168;1025.822354787855
413.5415861;1014.1777614072764
413.978013;1102.453531116201
414.4144974;1064.0490860254308
414.8510395;1093.3013973025206
415.2876391;1179.8609491721083
415.7242962;1192.8701713188036
416.1610108;1226.8570716407999
416.5977828;1280.8784545843237
417.0346122;1317.3192476216286
417.471499;1300.2643485904402
417.9084432;1301.527803345486
418.3454446;1401.7852232186754
418.7825033;1386.8465412081077
419.2196193;1390.4433444160281
419.6567925;1565.7954808477664
420.0940229;1533.9997064686138
420.5313104;1384.632367227451
420.968655;1425.2389302140366
421.4060567;1373.939232022496
421.8435155;1426.624876093642
422.2810313;1515.843900004103
422.7186041;1443.675744300259
423.1562338;1433.1728828805155
423.5939204;1375.66563209922
424.0316639;1503.9058830847287
424.4694643;1394.1437703531055
424.9073215;1486.742279095574
425.3452355;1417.1586277942927
425.7832063;1427.8676669741358
426.2212338;1424.233414954402
426.659318;1524.977024654697
427.0974588;1468.0716008437705
427.5356563;1505.1925413790248
427.9739103;1433.3701486686427
428.4122209;1471.7032663333741
428.8505881;1494.9921125386293
429.2890118;1552.770455877499
429.7274919;1486.5161877502628
430.1660284;1434.6522592114377
430.6046214;1595.4262680565894
431.0432707;1622.6476805854704
431.4819764;1608.9025096385742
431.9207383;1659.1073902001003
432.3595566;1683.772912845551
432.798431;1555.0457430536985
433.2373617;1698.7992140193694
433.6763486;1722.5102506316982
434.1153916;1793.182706668532
434.5544907;1776.5773132930312
434.9936458;1791.299028012112
435.4328571;1966.9572587077623
435.8721243;1879.289218002243
436.3114475;1961.671370503725
436.7508267;2084.313109674703
437.1902618;2080.9698469530917
437.6297527;2043.3972287808451
438.0692995;2165.268089748882
438.5089021;2278.804464951236
438.9485605;2373.2267479946627
439.3882747;2468.7064289992927
439.8280446;2473.2300738317585
440.2678701;2487.9397550999615
440.7077514;2755.1518284844306
441.1476882;2755.500355024721
441.5876806;2861.249991229993
442.0277286;2767.585362795154
442.4678321;2939.1463158727365
442.9079911;3045.3803654428516
443.3482056;2988.5018021527453
443.7884755;3012.364917172806
444.2288007;3192.6722406381023
444.6691814;3046.863982790145
445.1096174;3155.030769863564
445.5501086;3268.5270380116126
445.9906552;3251.248210120355
446.4312569;3453.748079051035
446.8719139;3194.0804250213
447.312626;3450.06219491957
447.7533933;3320.318528948226
448.1942157;3367.0244390935486
448.6350931;3551.281537528123
449.0760256;3529.715739558827
449.5170131;3536.316278833569
449.9580555;3558.592197459933
450.3991529;3463.7239029438633
450.8403052;3543.9921238867328
451.2815124;3447.368425509305
451.7227744;3477.1394160385753
452.1640913;3279.3957418043574
452.6054629;3457.9535319996558
453.0468892;3344.1883238057003
453.4883703;3406.50384643957
453.929906;3487.63797255986
454.3714964;3558.174401974498
454.8131414;3381.0384093893426
455.254841;3346.374688525993
455.6965952;3377.521817224484
456.1384038;3353.029557300975
456.580267;3396.582639931248
457.0221846;3504.130444571346
457.4641566;3268.3004690841967
457.906183;3567.471905372537
458.3482638;3378.523326215916
458.7903988;3361.3958459075975
459.2325882;3572.520667702909
459.6748319;3542.4953482337264
460.1171297;3438.3081821634414
460.5594818;3590.5456977408753
461.001888;3641.88601693154
461.4443483;3630.2610366751965
461.8868628;3709.8297800816727
462.3294313;3853.778870968925
462.7720538;3835.1190923183103
463.2147303;4049.5764884330792
463.6574608;3914.881468280411
464.1002452;3909.5658189798146
464.5430836;4119.38712449497
464.9859758;4149.511345757566
465.4289218;4351.162564769164
465.8719216;4495.188372386383
466.3149752;4504.4466030656895
466.7580826;4565.49926597997
467.2012436;4761.284002374862
467.6444584;4714.21653489053
468.0877267;4986.529752934564
468.5310487;5181.539372602388
468.9744243;5009.55959693072
469.4178533;5329.549853852208
469.861336;5489.655414775771
470.304872;5530.540123793923
470.7484616;5455.602445804936
471.1921045;5690.589965944829
471.6358008;5558.4345082384725
472.0795505;6105.938946425133
472.5233535;6237.149881858234
472.9672098;6144.421561564226
473.4111193;6557.827225061652
473.8550821;6664.517535203408
474.299098;6878.078278153966
474.7431671;6723.488483678552
475.1872893;7300.494078758912
475.6314646;6850.893418748528
476.0756929;7328.638875755174
476.5199743;7487.677242340185
476.9643087;7444.566841919797
477.408696;7348.29332188251
477.8531363;7302.443048388518
478.2976294;7242.062562622626
478.7421754;7648.9788325080235
479.1867743;7543.449296127103
479.6314259;7501.829149810115
480.0761303;7279.012821025603
480.5208875;7542.480996041211
480.9656973;7627.519054808363
481.4105598;7795.807190518336
481.8554749;7498.697617921843
482.3004427;7773.184024491227
482.745463;7746.388024003436
483.1905358;7530.204888352676
483.6356612;7618.021836210163
484.080839;7718.000988123694
484.5260693;7630.136608212385
484.9713519;7518.999798459994
485.416687;7881.2627559697685
485.8620744;7741.178907961118
486.307514;7824.161395970485
486.753006;7905.969400148129
487.1985502;7609.773764297926
487.6441467;7965.661084805589
488.0897953;8140.120643773132
488.535496;7845.496194527337
488.9812489;7152.144475276828
489.4270539;7533.747777087026
489.8729109;8035.923414682308
490.3188199;7848.283927205593
490.7647809;8329.315579933196
491.2107939;7982.158476877632
491.6568587;8149.701427857398
492.1029755;7731.4798494143915
492.5491441;8330.830282962474
492.9953646;8299.544487526942
493.4416368;8418.19499825516
493.8879608;8365.359799381433
494.3343365;8578.96712491105
494.780764;8671.647140597532
495.227243;8265.597086560208
495.6737737;8528.691598447114
496.120356;9101.547513804373
496.5669899;9397.29118981397
497.0136753;9272.11386132609
497.4604122;9275.686162017097
497.9072005;9127.916057894763
498.3540403;9567.719799421247
498.8009315;9517.65499277851
499.2478741;9878.951480343467
499.694868;9860.60094264077
500.1419131;9839.671463666524
500.5890096;10499.619726572733
501.0361573;10351.033849450525
501.4833562;10526.896909436518
501.9306063;10685.071733306822
502.3779075;10788.164953743046
502.8252599;10928.21584795708
503.2726633;11394.465219819636
503.7201177;12167.968772315633
504.1676232;12358.095955299596
504.6151797;12174.076965920422
505.062787;12669.622100814882
505.5104453;13263.330667583807
505.9581545;12690.810617214687
506.4059146;13225.173099591251
506.8537254;14077.9543343531
507.301587;13774.73244559953
507.7494994;13339.105397094707
508.1974625;13380.95461654467
508.6454763;14026.59603316564
509.0935408;13759.946142534463
509.5416558;14610.736164413123
509.9898215;15110.3026585971
510.4380377;14665.35732236564
510.8863044;15490.674113117038
511.3346217;16701.031815345737
511.7829893;15891.425152568603
512.2314074;16002.005227289856
512.679876;16396.18688592945
513.1283948;15998.848552808993
513.576964;15680.412712412712
514.0255835;16921.279310922953
514.4742533;16278.77550281062
514.9229733;16587.226967431467
515.3717434;17389.106860509735
515.8205638;16560.720733790447
516.2694343;16496.5273623587
516.7183549;17138.509576314496
517.1673255;17435.429892153938
517.6163462;16557.306131605386
518.0654169;17333.919751548063
518.5145376;18085.09390258448
518.9637082;18090.8168607582
519.4129288;17456.71703397148
519.8621992;18302.39979129113
520.3115194;17507.339951136295
520.7608894;17883.962237718155
521.2103093;17936.64423913008
521.6597788;17910.880216550107
522.1092981;18089.462508345146
522.5588671;17780.7681684609
523.0084857;17604.024970758346
523.4581539;16754.818019557726
523.9078717;16740.16873104604
524.3576391;17774.75222376631
524.807456;17383.02548759499
525.2573223;16586.31654662757
525.7072381;17141.56903894834
526.1572034;17286.890172859592
526.607218;17578.715209754842
527.0572819;18177.308001460104
527.5073952;17830.603947418826
527.9575578;17281.6509921938
528.4077697;17287.74737084036
528.8580307;18440.325223640713
529.308341;17886.681929519207
529.7587004;17645.43270897622
530.209109;17813.0957156244
530.6595666;17973.318990955944
531.1100733;17622.803319948875
531.5606291;17698.058099450795
532.0112338;17550.74962179837
532.4618875;18045.28757593072
532.9125902;18414.928793769857
533.3633417;17887.27270674363
533.8141421;18290.6271183451
534.2649913;18462.817186164128
534.7158894;18533.326897897885
535.1668362;19543.174168674166
535.6178317;19017.073054233788
536.068876;19073.23084527032
536.5199689;18871.659368705037
536.9711105;19997.32030855053
537.4223007;20332.563088154755
537.8735394;19573.9718891324
538.3248267;20297.59016097017
538.7761625;20818.11658051896
539.2275468;20207.426301038515
539.6789796;21315.156216944244
540.1304607;21180.49227824401
540.5819902;22012.413096834698
541.0335681;22916.327817201898
541.4851943;21993.766336006047
541.9368688;22441.07906440045
542.3885915;24745.834080147193
542.8403625;24148.48070369045
543.2921816;23038.978362957965
543.7440489;24435.55674648935
544.1959643;23665.29377081417
544.6479278;25329.30470156103
545.0999393;25259.57461776047
545.5519989;26082.063052511006
546.0041065;25542.80770607765
546.456262;26409.93501152999
546.9084655;26539.936134372594
547.3607168;28337.17477556478
547.813016;27646.74900764248
548.2653631;28102.50482688505
548.7177579;27370.882848540634
549.1702005;28326.157018263973
549.6226908;29580.221136834793
550.0752289;30786.86232680139
550.5278146;29686.641663271985
550.9804479;31461.181542460396
551.4331288;30785.96306200193
551.8858573;30829.38989514333
552.3386334;32026.511006855777
552.7914569;32575.555665585438
553.2443279;35001.55454604375
553.6972464;35058.527659907675
554.1502122;33956.09103784506
554.6032255;33302.45303771285
555.056286;34217.566753736384
555.5093939;34505.83750354957
555.9625491;35486.85990980523
556.4157515;36557.408055015054
556.8690011;36289.01500281882
557.3222979;35991.78631918189
557.7756419;36694.55618433762
558.2290329;37489.43537327774
558.6824711;38764.22874464139
559.1359563;37080.49327791491
559.5894885;37364.793573301875
560.0430677;39531.20625611907
560.4966938;40040.43296670668
560.9503669;38719.732493481075
561.4040869;37081.42010697407
561.8578537;40355.321325186436
562.3116673;38888.31384208252
562.7655277;39225.31050080615
563.2194349;39871.47653492442
563.6733888;38923.810089560204
564.1273894;41459.613945752295
564.5814367;40139.9905797541
565.0355306;41808.43019306084
565.489671;42893.0767889027
565.9438581;40045.54506406591
566.3980917;40844.86458130141
566.8523717;40320.45054563964
567.3066983;40218.554469546194
567.7610712;41286.78586950243
568.2154906;41173.62922760064
568.6699563;40210.01035602212
569.1244684;40375.77253737889
569.5790268;39941.680984750856
570.0336314;40313.74266637786
570.4882823;38520.95511585923
570.9429794;39816.52932121255
571.3977227;38513.98102843925
571.8525121;38075.43458179351
572.3073476;39148.37054122073
572.7622292;37648.15451417553
573.2171568;36756.5506420778
573.6721305;37427.45377346312
574.1271501;38058.259367909115
574.5822156;37264.22949936949
575.0373271;37561.81289925215
575.4924845;38199.20251616299
575.9476877;38387.04393322448
576.4029367;38051.56017486401
576.8582315;36296.88289662775
577.3135721;38570.60958901453
577.7689584;39546.1844148232
578.2243903;37419.32801275205
578.6798679;37407.18712320391
579.1353912;38023.37287198099
579.59096;41333.9408008502
580.0465744;40676.76387561303
580.5022343;39662.02265067386
580.9579397;38096.5944675347
581.4136906;40428.285890854
581.8694868;40204.128910623935
582.3253285;40500.9651966863
582.7812156;39371.35019830224
583.2371479;41876.481605999616
583.6931256;39954.98588174005
584.1491485;39328.37354847034
584.6052167;41849.56906429752
585.06133;41977.28162810762
585.5174885;44588.87818502595
585.9736922;44043.81202848439
586.429941;41962.60648386733
586.8862348;44826.0394478679
587.3425737;42488.2645943091
587.7989575;44555.357477836435
588.2553864;43877.055456069036
588.7118602;45966.34716866911
589.1683788;45767.97578348347
589.6249424;46111.66227619112
590.0815508;47562.48715751554
590.538204;48558.46302756507
590.994902;45471.730356175554
591.4516447;47586.687114586835
591.9084322;49169.20140470587
592.3652643;50852.68284500142
592.8221411;50857.05326347603
593.2790625;50726.15780928079
593.7360284;53016.12818913703
594.193039;52192.060178625754
594.650094;53755.656873190135
595.1071935;54014.82125042345
595.5643375;52454.55048296602
596.0215259;52815.717709099816
596.4787587;55761.16617628784
596.9360358;54507.57098390172
597.3933572;57338.019450499654
597.850723;57729.759446412005
598.308133;56754.875168864295
598.7655872;55685.060512801625
599.2230856;57084.32613633354
599.6806282;56620.04143551538
600.1382149;58549.191148706544
600.5958457;61420.80894875384
601.0535206;61382.91518803008
601.5112395;62569.92586587567
601.9690024;63002.59901501511
602.4268093;65290.00903324424
602.88466;64622.118397977
603.3425547;65652.01519126666
603.8004933;65713.78493845873
604.2584757;66644.77495693398
604.7165019;68015.50357046745
605.1745719;71326.01289219553
605.6326856;67364.53398637657
606.090843;67349.35857868587
606.5490441;68941.54771555809
607.0072888;70177.04576818725
607.4655771;68555.34806263115
607.923909;73362.80223180188
608.3822845;70464.3316639283
608.8407034;69252.85761691988
609.2991659;70896.7441657575
609.7576718;74266.33989932122
610.2162211;72634.976922209
610.6748137;72221.53403797327
611.1334498;72661.02936819351
611.5921291;73693.17758130131
612.0508517;75637.58313350585
612.5096176;72146.67485321478
612.9684267;72219.7188733613
613.427279;71557.58917010807
613.8861744;74061.379157583
614.345113;74543.19163106085
614.8040946;74897.9491163171
615.2631193;71622.75110980897
615.722187;70161.88491491714
616.1812977;69287.8636786464
616.6404514;77148.57741591638
617.099648;76708.12308313066
617.5588875;74302.80895991015
618.0181699;72847.72144009118
618.477495;72669.63029510443
618.936863;75671.53353386
619.3962738;72441.94757690962
619.8557272;75666.85001382741
620.3152234;75590.86249004472
620.7747622;74212.585867968
621.2343437;71388.16425933098
621.6939678;70051.00855752405
622.1536344;70670.4047311805
622.6133436;77050.95868911174
623.0730953;74186.98067890723
623.5328895;73466.3688768882
623.992726;71317.71585951961
624.452605;70168.29329634474
624.9125264;72447.36293966875
625.3724901;70493.14251901973
625.8324962;69633.68436512645
626.2925445;68188.20545175657
626.752635;69469.94471301128
627.2127678;73562.72197192414
627.6729427;76633.90364608722
628.1331598;71414.1106935668
628.593419;71003.1090962596
629.0537203;71774.10423303294
629.5140636;72200.52468178369
629.9744489;70233.8433038946
630.4348763;66893.45278122241
630.8953456;68373.93244858115
631.3558568;70283.0340668675
631.8164099;69492.76954064821
632.2770048;68573.87545491382
632.7376416;70799.34840127951
633.1983201;72962.2610378963
633.6590404;69957.25040219077
634.1198025;66877.87296500847
634.5806062;63682.80819576982
635.0414516;64792.59826602088
635.5023386;64469.621083580474
635.9632672;64494.14169328833
636.4242374;61717.5924184146
636.8852491;63056.272102560506
637.3463023;65356.62317817447
637.807397;67324.01890613376
638.2685331;72141.29713071446
638.7297106;68248.33976665215
639.1909294;67911.33096024692
639.6521896;66088.33740610082
640.1134911;66511.00733518887
640.5748339;63740.3356696312
641.0362179;64827.07291588529
641.4976431;68627.69941816425
641.9591095;68196.86153450226
642.4206171;64584.19531102233
642.8821657;66156.30608237696
643.3437554;68350.29699519799
643.8053862;64613.7919762471
644.2670579;65932.07899472903
644.7287707;68948.38421273496
645.1905244;67029.97027379094
645.652319;66367.99079118621
646.1141545;68117.40440080575
646.5760308;67037.49928737107
647.0379479;69444.03966831023
647.4999059;69980.03743388373
647.9619046;69477.98006100289
648.423944;71259.6085037324
648.886024;67794.53427844979
649.3481448;72540.92353957017
649.8103061;73852.7243531485
650.2725081;73303.41681482723
650.7347506;75385.24056818422
651.1970336;74194.83172125851
651.6593571;75646.47007214998
652.1217211;77010.25245745832
652.5841255;75409.08538364069
653.0465703;77781.04639737101
653.5090555;77507.30486082341
653.9715809;78450.22655124331
654.4341467;81268.35339014781
654.8967528;81431.41889125759
655.359399;83958.17703937559
655.8220855;82542.1826763682
656.2848121;85548.37443757024
656.7475789;86339.53425201973
657.2103858;83112.94743045467
657.6732327;83329.22744368507
658.1361197;90155.6107968209
658.5990467;91503.77664220681
659.0620137;86625.09450364896
659.5250206;88915.23265123762
659.9880674;88324.26569045773
660.451154;92191.09533560254
660.9142805;88124.32192461341
661.3774469;88457.96860435487
661.840653;92893.52654192313
662.3038988;93371.63014169438
662.7671844;94711.64935472904
663.2305096;95206.7911639199
663.6938745;97749.14054304919
664.157279;99021.07370409687
664.6207231;97926.50730293743
665.0842067;100254.96134596787
665.5477298;102113.75575598468
666.0112925;100590.30031971785
666.4748945;100360.56263392467
666.938536;105781.41513106093
667.4022169;104497.67847962216
667.8659372;107535.43600605986
668.3296967;106627.90549291809
668.7934956;106204.70244155182
669.2573337;106245.95867888226
669.721211;105102.49973799963
670.1851276;106986.21629894082
670.6490832;106203.26599281695
671.1130781;105705.75558532093
671.577112;103215.54015429803
672.0411849;106952.04184957483
672.5052969;104320.37383696418
672.9694479;101894.43151113506
673.4336379;108083.07306930561
673.8978668;111422.55349325159
674.3621346;107879.60054660183
674.8264412;107769.0774496013
675.2907867;109884.95871541002
675.755171;103606.6405747533
676.2195941;106499.91105277235
676.6840559;103744.34737327299
677.1485564;103735.02201087431
677.6130956;102113.61886398544
678.0776734;106006.8955227457
678.5422899;103984.53639084981
679.0069449;102271.14142085535
679.4716384;98379.33617747085
679.9363705;103393.84816187434
680.401141;103279.54759013015
680.86595;106357.36221369606
681.3307974;106222.56025144155
681.7956832;98206.97198023068
682.2606073;99902.64769564572
682.7255697;104918.69609516165
683.1905705;101867.81130498438
683.6556094;99334.2247319692
684.1206866;104361.00962564204
684.585802;107515.38946964747
685.0509555;100148.18946555689
685.5161472;105446.32962117427
685.9813769;102686.15904332451
686.4466447;98762.63617612828
686.9119505;93071.95545000232
687.3772943;99922.95453044435
687.8426761;98757.77099401967
688.3080958;100436.38674611894
688.7735534;102333.79963780947
689.2390488;95207.21322743209
689.7045821;91176.79124928181
690.1701531;97265.09050384653
690.635762;94929.040372317
691.1014085;94899.10363485011
691.5670928;95210.4250450538
692.0328147;95683.70969404907
692.4985743;91175.88578853355
692.9643715;91743.14200324345
693.4302062;89442.61709672514
693.8960785;94144.4921055705
694.3619882;92003.35315817286
694.8279355;95064.21742320813
695.2939202;95448.49523040847
695.7599422;93407.96283856647
696.2260017;96576.45255652975
696.6920985;90119.05767796857
697.1582326;91530.06504597446
697.624404;95163.81894677725
698.0906126;96944.9885392109
698.5568585;97307.04975752698
699.0231415;96787.91903806289
699.4894617;90915.68570844183
699.9558189;89721.70919731955
700.4222133;93021.93247524854
700.8886447;90974.67068659118
701.3551131;91901.1372544723
701.8216186;93126.2946502641
702.2881609;92606.19418410285
702.7547402;93008.12713317401
703.2213564;95160.65286037719
703.6880094;93155.87333202355
704.1546993;87846.95337492072
704.6214259;90818.38346652551
705.0881893;92598.63335311932
705.5549894;96406.27961759912
706.0218262;92751.39769770567
706.4886997;89542.67847138383
706.9556098;87027.32938869033
707.4225565;88283.74446975302
707.8895397;90190.77330441102
708.3565595;92029.33781760748
708.8236158;97874.88360526782
709.2907085;99204.66819653827
709.7578377;96293.5301915659
710.2250033;94316.3676253882
710.6922052;92818.9008482329
711.1594435;95989.54212721276
711.6267181;97102.03772928975
712.0940289;97056.61102790062
712.561376;92859.4511113465
713.0287593;94085.34294693096
713.4961788;92369.1630108108
713.9636344;93474.07287302245
714.4311261;97009.91332454665
714.8986539;99554.98364063197
715.3662177;95433.61060262777
715.8338175;93849.5837989861
716.3014533;91977.61741007915
716.7691251;93682.68119851015
717.2368328;92172.41902688298
717.7045763;92025.06010339488
718.1723557;95699.8408596855
718.640171;98184.36202078323
719.108022;99463.35573152734
719.5759087;99806.40982371254
720.0438312;101040.36497533467
720.5117893;98280.53741652546
720.9797831;97194.21196477002
721.4478126;95025.62015452805
721.9158776;99919.5631256973
722.3839781;103507.37058003986
722.8521142;98528.73262987853
723.3202858;95182.92063919677
723.7884929;96462.2768601419
724.2567353;101883.91797948258
724.7250132;104544.82840617158
725.1933264;107088.37382544776
725.661675;109431.62147964774
726.1300588;105804.23394988033
726.5984779;104656.24829879787
727.0669323;109214.72140977666
727.5354218;107864.1818568014
728.0039465;108768.75868467221
728.4725063;106489.24533784909
728.9411013;101748.28596536857
729.4097313;110730.27538158126
729.8783963;108569.01080864105
730.3470964;115569.0173294221
730.8158314;110026.32460459413
731.2846013;110953.01627810778
731.7534062;106745.05920178679
732.2222459;110025.11795402823
732.6911205;110016.73747846918
733.1600299;114407.9372354751
733.628974;114202.58473742323
734.0979529;117804.97749365975
734.5669666;117783.35008201527
735.0360149;115354.6050419464
735.5050978;110618.85538853987
735.9742153;106882.69076483106
736.4433675;109401.2640669997
736.9125542;114701.07351320918
737.3817754;116168.98711478857
737.8510311;117511.93627879079
738.3203212;113368.6629270506
738.7896457;113905.24521347496
739.2590047;111777.68508549842
739.728398;109736.82173735004
740.1978256;114207.38651762962
740.6672875;114784.6159413627
741.1367837;112736.93843705443
741.6063141;109074.9021166343
742.0758786;109561.66864642936
742.5454774;111722.9428544144
743.0151102;113871.13650969081
743.4847772;115754.64023017687
743.9544782;109795.13674573407
744.4242133;108835.41654511921
744.8939823;108850.12218222607
745.3637853;107122.08172197254
745.8336223;113542.63045169151
746.3034931;110626.72513948994
746.7733978;111045.74152081458
747.2433364;113954.60896386008
747.7133087;114194.19465774047
748.1833148;108180.30845352728
748.6533547;105528.51579457507
749.1234282;105406.58676646123
749.5935355;105571.95949353809
750.0636763;107178.82675171911
750.5338508;108314.43117815454
751.0040589;110940.56393055432
751.4743005;107825.38823882755
751.9445756;105620.55117714764
752.4148842;102663.33887040427
752.8852262;108051.30203763126
753.3556016;105762.22679115711
753.8260104;108592.835585347
754.2964526;108419.60545340361
754.7669281;104704.0027231675
755.2374369;110107.10625486514
755.7079789;110195.4257402293
756.1785541;106029.24094653202
756.6491625;101859.78437903378
757.1198041;105872.12464540343
757.5904788;99641.93265255509
758.0611866;95331.48607874927
758.5319274;93702.89980853406
759.0027013;99756.11111123886
759.4735081;102217.89348788932
759.9443479;100375.59352395563
760.4152206;98285.47157986171
760.8861263;97729.89693781096
761.3570647;102301.6335240093
761.8280361;101208.83891254642
762.2990402;96820.4297220731
762.770077;93578.91027567888
763.2411466;94848.78954127026
763.7122489;91109.42507759147
764.1833839;87983.02806898384
764.6545515;93132.75666706338
765.1257517;95848.9020708974
765.5969845;95461.1857166539
766.0682498;96345.89390914922
766.5395476;93756.74171610098
767.0108778;97677.31141104527
767.4822406;99184.58915182765
767.9536357;95568.58839295832
768.4250632;91931.03231192518
768.896523;90577.93772762032
769.3680152;88930.96878063738
769.8395396;92932.85041560033
770.3110962;92305.1386259984
770.7826851;93939.04671376156
771.2543062;86359.06021807036
771.7259594;83173.39043666444
772.1976447;83529.58330479942
772.6693621;87473.64865190111
773.1411115;87853.86730471146
773.612893;85095.78804383018
774.0847064;87027.88431565104
774.5565518;87074.83598303492
775.0284291;87680.21823136754
775.5003383;87089.30817484877
775.9722794;85522.40584443542
776.4442522;84273.90587854477
776.9162569;83901.87414519003
777.3882933;81942.36140845167
777.8603615;80548.78091007672
778.3324613;87725.29009158493
778.8045928;88102.98489042818
779.2767559;88165.13721972017
779.7489506;90687.8201039912
780.2211769;87559.9680263734
780.6934347;83509.8119291401
781.165724;79987.06143928097
781.6380448;76899.55714422843
782.110397;76750.20179019854
782.5827806;78459.34037872942
783.0551956;76678.77996008859
783.5276419;77260.35836382212
784.0001195;75404.73644209522
784.4726283;77071.069346476
784.9451684;79394.84751422743
785.4177398;80025.99749583988
785.8903422;83550.40020506422
786.3629759;81858.60787827152
786.8356406;79288.6855754896
787.3083364;76950.7971609404
787.7810633;78143.92080267164
788.2538211;79301.82109207998
788.7266099;81997.67845795961
789.1994297;80138.4896790154
789.6722804;80122.28410199173
790.145162;79645.18369203212
790.6180744;77316.22688503095
791.0910176;75807.07924104495
791.5639917;76452.8134409854
792.0369964;77462.81289990772
792.5100319;78976.59440486244
792.9830981;80597.0499723465
793.4561949;81318.89666286566
793.9293223;75087.28513435363
794.4024804;76353.56310340503
794.875669;79012.62758836393
795.3488881;79869.01459267785
795.8221377;77931.872812892
796.2954177;75305.70215983933
796.7687282;76544.668233087
797.2420691;75458.60755488627
797.7154403;77364.88041033242
798.1888419;78292.48786691806
798.6622737;74161.04905802617
799.1357358;78436.41330852374
799.6092282;77658.36546278861
800.0827507;75253.2245140647
800.5563034;77894.51819903553
801.0298863;77971.93795070304
801.5034992;77825.55440189943
801.9771423;80322.31297405831
802.4508153;79883.74192249394
802.9245184;76665.24798249228
803.3982514;75735.00497767363
803.8720143;75632.48056445875
804.3458072;80853.97917265579
804.81963;84353.80024143399
805.2934825;81411.51619369233
805.7673649;80919.65206927547
806.2412771;80239.69962508719
806.715219;77026.55651635383
807.1891906;77767.23460474433
807.6631919;81522.24418446305
808.1372229;80883.7464543909
808.6112834;76613.92493169842
809.0853736;75964.6537545549
809.5594933;75104.63963757985
810.0336425;75333.90943243755
810.5078211;76674.82331329002
810.9820293;82229.9761450427
811.4562668;74643.69097917978
811.9305338;73559.16937931371
812.4048301;77939.6219807615
812.8791557;81020.37963875545
813.3535106;81601.02945389498
813.8278948;79925.52807554434
814.3023082;82049.2555224509
814.7767507;82338.57680641588
815.2512225;84620.79413583317
815.7257233;83205.28720856523
816.2002533;76994.24991822844
816.6748123;77329.86636014891
817.1494004;82265.31847508275
817.6240174;81625.00748928406
818.0986634;77415.075998014
818.5733384;81248.14038103588
819.0480422;88754.59295509232
819.5227749;84663.64078494426
819.9975365;83218.3992692898
820.4723268;88653.80612186319
820.9471459;88650.40470721475
821.4219938;88643.20527705859
821.8968703;86353.78281994181
822.3717755;88488.00570929622
822.8467094;84986.49206287932
823.3216719;87000.27801372761
823.7966629;85627.86003766482
824.2716825;89177.52206266443
824.7467306;87554.87140374549
825.2218072;82547.86518753076
825.6969122;83782.64851915574
826.1720456;87126.60149844743
826.6472074;92081.63753198141
827.1223976;93968.43518166183
827.5976161;93586.02221449914
828.0728628;94587.09382828807
828.5481378;96487.52678901622
829.0234411;98988.29212924182
829.4987725;96140.88790314115
829.974132;89583.45999277949
830.4495197;91478.00945206656
830.9249355;89132.64325479085
831.4003793;89862.5164641674
831.8758511;92138.91572970623
832.351351;88594.56034800671
832.8268788;88118.48840898232
833.3024345;86881.95226857599
833.7780181;88137.57567947204
834.2536296;88369.20580155416
834.7292689;89771.81093222763
835.2049359;86743.50262695293
835.6806308;91172.98967030637
836.1563534;94115.5623766606
836.6321037;92397.48800333805
837.1078816;88845.64420193252
837.5836872;84830.99818111406
838.0595204;90342.5383806592
838.5353811;89776.70159745158
839.0112694;87738.05826173273
839.4871852;88463.6408046656
839.9631285;86362.94522321413
840.4390992;83801.73040377622
840.9150973;82515.3729403699
841.3911227;80359.78411676655
841.8671756;84347.16727126356
842.3432557;91392.37989094772
842.8193631;91896.70797927179
843.2954977;87444.78197799345
843.7716596;86074.1948287909
844.2478486;87688.06291774532
844.7240648;86878.66510784354
845.2003081;83174.05633180054
845.6765784;85677.6035527879
846.1528759;86406.50236735532
846.6292003;89079.60784221234
847.1055517;87585.59867938947
847.5819301;86030.60741728959
848.0583354;85092.48886111463
848.5347676;78771.13257561739
849.0112266;74743.14727414465
849.4877124;73900.82309568416
849.9642251;76516.18272100034
850.4407645;76255.58408213157
850.9173306;78895.58299322506
851.3939234;80695.61864262217
851.8705429;83595.0369782701
852.347189;84048.09976204732
852.8238616;79428.68206595557
853.3005609;72009.13076402721
853.7772867;71157.97616823605
854.2540389;76930.2741275369
854.7308177;77306.98254451824
855.2076229;81999.86432172263
855.6844544;82609.74913288071
856.1613124;80532.57824917558
856.6381966;78213.25169488922
857.1151072;75897.97719706288
857.592044;74812.36790160344
858.0690071;74432.85618953485
858.5459964;74336.08681708154
859.0230118;75345.15786787511
859.5000534;74153.56805768749
859.9771211;72560.69200112348
860.4542149;69566.84804608587
860.9313347;69061.66941326996
861.4084806;70403.05033449862
861.8856524;71565.03664052988
862.3628501;68711.00999997141
862.8400738;68257.30263282316
863.3173233;69113.43696517192
863.7945987;70364.91216383244
864.2718999;74914.22357551222
864.7492269;73478.8687243774
865.2265796;66641.42593436391
865.703958;68045.40178134263
866.1813622;69593.44479937495
866.658792;70173.1635802203
867.1362474;66378.24430968631
867.6137283;67201.28542427876
868.0912349;67434.1490774959
868.568767;67281.88871943051
869.0463245;66996.6654525357
869.5239075;64391.16981264773
870.001516;63285.61283089496
870.4791498;64238.546192675974
870.956809;67576.75637298798
871.4344935;69639.21683872596
871.9122033;67344.13117510456
872.3899384;67088.59544853099
872.8676987;64430.972252159605
873.3454842;58491.426768708785
873.8232949;60310.89635984183
874.3011307;59373.01634357186
874.7789916;59384.97002078687
875.2568776;61118.64968957652
875.7347886;59599.710475922926
876.2127246;58181.05893774371
876.6906856;56462.27212311383
877.1686715;52105.887666384944
877.6466823;55756.45341319886
878.124718;58246.033645927215
878.6027785;56041.11074191572
879.0808639;57243.93138493224
879.558974;57283.61018065116
880.0371089;56551.71301944931
880.5152684;53911.982243284816
880.9934527;52759.50265889898
881.4716616;52733.81848010326
881.9498951;51419.53448807786
882.4281532;52322.19860873037
882.9064358;54387.35390863423
883.384743;55279.73630614208
883.8630746;56592.12234392444
884.3414307;56560.86994777267
884.8198112;56397.98399992085
885.2982161;55128.740449296056
885.7766454;54862.20444645228
886.2550989;54967.55399005079
886.7335768;53866.7337040987
887.2120789;52186.59046211474
887.6906052;51104.14433850853
888.1691558;50618.31453850056
888.6477304;53618.822971330235
889.1263293;51148.76631618384
889.6049522;50269.1203807437
890.0835991;50864.9637229323
890.5622701;49423.167801692405
891.0409651;48871.105354536565
891.5196841;47746.78510546232
891.9984269;50253.259150570295
892.4771937;49395.08969551488
892.9559844;48559.829318113996
893.4347989;50408.38053585557
893.9136372;50683.000998406955
894.3924992;51777.30846052001
894.871385;54040.04030946506
895.3502945;53964.47663917882
895.8292277;50532.88206094284
896.3081845;51587.406297386675
896.7871649;50498.09714853777
897.2661689;51531.62267303209
897.7451964;54389.001235115815
898.2242474;57044.45710114367
898.703322;52995.5370787909
899.1824199;48932.36963823546
899.6615413;47939.982811731315
900.140686;47602.88530952205
900.6198541;48661.74953300554
901.0990455;49232.50060035766
901.5782602;48107.96477591957
902.0574982;48718.23326741155
902.5367593;50070.1421308603
903.0160437;50966.019189887586
903.4953512;49800.205091085896
903.9746818;50133.26938752067
904.4540355;51333.6280003415
904.9334122;51307.398307663934
905.412812;47194.867229862226
905.8922348;45929.02785031896
906.3716805;46495.59388767246
906.8511492;47323.32517003066
907.3306407;47217.239292124264
907.8101551;45415.345430746165
908.2896923;47559.72649014688
908.7692524;49244.57444319878
909.2488352;48465.09985112023
909.7284407;45199.26543271549
910.2080689;45437.78853139142
910.6877198;43749.02678898889
911.1673933;40774.032552813806
911.6470894;40843.2892142682
912.1268081;44673.835826541974
912.6065493;48046.82372420293
913.086313;45450.086019166214
913.5660992;41857.78753585901
914.0459078;39787.61660146071
914.5257388;39575.95277135051
915.0055923;39887.1457706449
915.485468;40001.720661209554
915.965366;39510.717992860045
916.4452864;41422.73418079799
916.9252289;42161.93453041093
917.4051937;41973.98444448977
917.8851807;44591.65411246763
918.3651898;44215.528945277394
918.845221;44062.0336703202
919.3252743;41667.188308385375
919.8053496;41151.04925222079
920.285447;41509.58993493667
920.7655663;40137.681480078325
921.2457076;39826.22660493869
921.7258709;39419.42831918287
922.206056;39174.57826986055
922.6862629;39659.75322655541
923.1664917;43287.58987508964
923.6467422;44121.929248223896
924.1270145;43319.633785430735
924.6073086;42146.673871881336
925.0876243;42416.850465517404
925.5679617;39893.63425952874
926.0483207;39815.595113931704
926.5287013;40318.618525041464
927.0091035;38131.469729125405
927.4895272;38819.47621786913
927.9699724;40118.68959769006
928.450439;40388.3591991748
928.9309271;40387.12533509844
929.4114366;38756.495406275084
929.8919675;40125.43680977522
930.3725197;41453.58530454481
930.8530932;40113.64756604342
931.3336879;41975.362697714445
931.8143039;41577.934412711285
932.2949411;40984.57529416667
932.7755995;41905.281096795836
933.256279;41055.23395079892
933.7369796;41292.84798916728
934.2177013;37833.54223360873
934.698444;35726.78283435699
935.1792077;35471.602577832375
935.6599925;35105.843414024304
936.1407981;35862.5543031533
936.6216247;37752.543035350165
937.1024721;38613.73929859087
937.5833404;39296.43629798033
938.0642295;38024.56650126778
938.5451394;35355.453368613256
939.0260701;34961.64885361394
939.5070214;37718.098107466125
939.9879935;38165.58936475827
940.4689862;36716.79706630606
940.9499995;37170.90740367274
941.4310334;36698.36654795913
941.9120878;36477.81497191402
942.3931628;35346.10161262327
942.8742583;35071.89733577212
943.3553742;34875.84232499138
943.8365106;35570.55107351576
944.3176673;32343.63401453632
944.7988444;32978.36533117735
945.2800418;32710.25179937704
945.7612595;32067.223687629634
946.2424975;32188.094018624513
946.7237557;33058.73382222609
947.2050341;34793.15110287719
947.6863327;35792.14465327458
948.1676514;36453.99708260406
948.6489902;36921.15564669475
949.1303491;34158.78743212415
949.611728;32357.01567796563
950.0931269;30358.767093539816
950.5745458;28754.691028181533
951.0559846;29264.29987240113
951.5374434;30394.948839058387
952.018922;28971.048178820456
952.5004204;27984.897873126138
952.9819386;28320.38309040777
953.4634767;28543.569275233647
953.9450344;30313.263530579814
954.4266119;29119.058099414207
954.908209;28307.03086212414
955.3898258;27853.593619411626
955.8714623;28083.652500215074
956.3531182;29925.62385736847
956.8347938;29603.5377080993
957.3164888;29174.059531283037
957.7982034;29078.15753847325
958.2799374;27067.260083514848
958.7616908;25776.21944242298
959.2434635;26108.42695573866
959.7252557;25994.50143829434
960.2070672;26445.706557388992
960.6888979;27696.066628770626
961.1707479;27952.158571938227
961.6526171;26685.465646296885
962.1345056;25280.28158992962
962.6164131;24819.74955272659
963.0983398;23967.980460496183
963.5802856;23824.749913290354
964.0622505;22380.15710633969
964.5442344;23319.44728967625
965.0262373;23125.948312019013
965.5082591;23236.096277268352
965.9902999;22733.47628845374
966.4723596;22478.1701979004
966.9544381;22163.97543901113
967.4365355;22027.50818118692
967.9186517;21963.242798442294
968.4007866;23002.337151985175
968.8829403;21522.12272545092
969.3651127;20538.173864444703
969.8473037;19826.960779054996
970.3295134;19974.009769502998
970.8117417;20366.226297088695
971.2939886;20413.938995628603
971.776254;21025.036910360224
972.258538;20793.572092154758
972.7408404;19770.225788658398
973.2231612;19858.66493777967
973.7055005;20737.243416675403
974.1878581;21624.165286089315
974.6702341;20210.78144581517
975.1526284;19783.816516619387
975.6350409;19863.20362753151
976.1174718;19099.440276991965
976.5999208;18567.761331266283
977.082388;18273.564623898183
977.5648734;17612.4362942578
978.0473769;17367.57117964364
978.5298985;16842.570295692683
979.0124381;16449.704886238073
979.4949958;16182.984461494938
979.9775715;16207.483405771947
980.4601651;16569.95569180199
980.9427766;17420.490841297098
981.425406;17567.879584890637
981.9080533;16452.995834280588
982.3907184;16129.661958849774
982.8734013;15028.460435795983
983.356102;15075.318769360088
983.8388204;15032.206118309954
984.3215565;14804.036182662907
984.8043102;14115.287308529805
985.2870816;14136.183548293931
985.7698706;13010.838658835211
986.2526772;12122.587966938383
986.7355013;11831.486937879466
987.2183429;11667.482072201456
987.7012019;11925.925346689666
988.1840784;12256.617750231791
988.6669723;12248.402502062669
989.1498836;12056.434921409049
989.6328122;11931.567668434041
990.1157582;12568.248472876243
990.5987214;12993.582122831811
991.0817018;12969.441560164925
991.5646995;12541.495244745685
992.0477143;11683.285312535072
992.5307463;11604.406312839143
993.0137953;11153.696253284272
993.4968615;10793.542763068179
993.9799447;10697.434516840003
994.463045;10943.401277809306
994.9461622;11421.691520433327
995.4292963;10652.630962728465
995.9124474;11265.25607717809
996.3956154;11937.28350291838
996.8788002;11204.62817503078
997.3620019;10332.127557404054
997.8452203;10644.827162943837
998.3284555;10190.050897242701
998.8117074;9501.33824640848
999.294976;9599.515194552876
999.7782612;8949.719230413173
1000.261563;9380.484258519815
1000.744882;9013.233465041538
1001.228217;8801.619910898848
1001.711568;8949.178962874172
1002.194936;9089.880900377942
1002.678321;7769.0827490863385
1003.161722;7847.554381090944
1003.645139;7584.606025651303
1004.128573;7727.091263791774
1004.612023;7496.938424687849
1005.095489;7261.793160277217
1005.578972;7644.478116873898
1006.062471;7785.031180454442
1006.545986;7949.497589530141
1007.029517;7532.852612393955
1007.513064;6908.314464716369
1007.996628;6895.947401371983
1008.480207;7146.241169107877
1008.963803;6771.040797813626
1009.447415;7174.556920920669
1009.931042;7662.232847749643
1010.414686;7411.013755521513
1010.898345;6474.63204842431
1011.38202;6742.314801253671
1011.865712;6770.512779849907
1012.349419;6489.419241159531
1012.833141;6587.072079569261
1013.31688;6408.721654072354
1013.800634;6189.096172289528
1014.284404;6534.71822488543
1014.768189;6088.757358656416
1015.251991;5529.035986415857
1015.735807;5334.83036346977
1016.21964;5685.5051275733185
1016.703487;3461.9157155484504
1017.187351;-56.379494954001565
1017.67123;66.80211490045356
1018.155124;1.5578466988919568
